M02215:3:000000000-B9JT7:1:1101:6356:168291:N:0:1;size=939;	882bcbeccf43f6ad24cd4dddc65e79df5feeaa78;Bathycoccus	98.512	336	5	0	1	336	1	336	1.66e-170	593
M02215:3:000000000-B9JT7:1:1102:13529:108571:N:0:1;size=270;	882bcbeccf43f6ad24cd4dddc65e79df5feeaa78;Bathycoccus	100.000	318	0	0	1	318	1	318	7.37e-169	588
M02215:3:000000000-B9JT7:1:1101:19161:61231:N:0:1;size=390;	882bcbeccf43f6ad24cd4dddc65e79df5feeaa78;Bathycoccus	99.088	329	3	0	1	329	1	329	5.75e-170	592
M02215:3:000000000-B9JT7:1:1101:29414:153231:N:0:1;size=10419;	882bcbeccf43f6ad24cd4dddc65e79df5feeaa78;Bathycoccus	98.512	336	5	0	1	336	1	336	1.70e-170	593
M02215:3:000000000-B9JT7:1:1101:21815:208951:N:0:1;size=497;	882bcbeccf43f6ad24cd4dddc65e79df5feeaa78;Bathycoccus	98.810	336	4	0	1	336	1	336	3.61e-172	599
M02215:3:000000000-B9JT7:1:1101:7501:224191:N:0:1;size=86;	882bcbeccf43f6ad24cd4dddc65e79df5feeaa78;Bathycoccus	99.091	330	3	0	1	330	1	330	1.70e-170	593
M02215:3:000000000-B9JT7:1:1102:6581:128671:N:0:1;size=314;	882bcbeccf43f6ad24cd4dddc65e79df5feeaa78;Bathycoccus	99.091	330	3	0	1	330	1	330	1.61e-170	593
M02215:3:000000000-B9JT7:1:1101:14747:87971:N:0:1;size=314;	a64ab751b69ad1c2dc45814951dd0b3fce5c88aa;Micromonas	100.000	313	0	0	1	313	1	313	4.65e-166	579
M02215:3:000000000-B9JT7:1:1101:16050:92161:N:0:1;size=270;	882bcbeccf43f6ad24cd4dddc65e79df5feeaa78;Bathycoccus	99.091	330	3	0	1	330	1	330	1.63e-170	593
M02215:3:000000000-B9JT7:1:1101:18748:135371:N:0:1;size=30;	882bcbeccf43f6ad24cd4dddc65e79df5feeaa78;Bathycoccus	98.788	330	4	0	1	330	1	330	7.90e-169	588
M02215:3:000000000-B9JT7:1:1103:10337:57101:N:0:1;size=216;	882bcbeccf43f6ad24cd4dddc65e79df5feeaa78;Bathycoccus	98.810	336	4	0	1	336	1	336	3.53e-172	599
M02215:3:000000000-B9JT7:1:1101:10535:99821:N:0:1;size=39;	882bcbeccf43f6ad24cd4dddc65e79df5feeaa78;Bathycoccus	98.507	335	5	0	1	335	1	335	5.86e-170	592
M02215:3:000000000-B9JT7:1:1101:9208:92191:N:0:1;size=167;	a64ab751b69ad1c2dc45814951dd0b3fce5c88aa;Micromonas	100.000	313	0	0	1	313	1	313	4.71e-166	579
M02215:3:000000000-B9JT7:1:1105:4671:208581:N:0:1;size=25;	882bcbeccf43f6ad24cd4dddc65e79df5feeaa78;Bathycoccus	98.810	336	4	0	1	336	1	336	3.65e-172	599
M02215:3:000000000-B9JT7:1:1101:16046:110201:N:0:1;size=3547;	a64ab751b69ad1c2dc45814951dd0b3fce5c88aa;Micromonas	100.000	313	0	0	1	313	1	313	4.75e-166	579
M02215:3:000000000-B9JT7:1:1105:9081:52961:N:0:1;size=19;	882bcbeccf43f6ad24cd4dddc65e79df5feeaa78;Bathycoccus	98.810	336	4	0	1	336	1	336	3.65e-172	599
M02215:3:000000000-B9JT7:1:1101:12375:270011:N:0:1;size=18;	a64ab751b69ad1c2dc45814951dd0b3fce5c88aa;Micromonas	100.000	313	0	0	1	313	1	313	4.75e-166	579
M02215:3:000000000-B9JT7:1:1102:21525:125501:N:0:1;size=27;	a64ab751b69ad1c2dc45814951dd0b3fce5c88aa;Micromonas	100.000	313	0	0	1	313	1	313	4.75e-166	579
M02215:3:000000000-B9JT7:1:1102:4193:154011:N:0:1;size=28;	a64ab751b69ad1c2dc45814951dd0b3fce5c88aa;Micromonas	100.000	313	0	0	1	313	1	313	4.43e-166	579
M02215:3:000000000-B9JT7:1:1104:9774:151921:N:0:1;size=142;	ecbcc3bd709776326a720729ad74c020c160aa3a;Chlorella	100.000	313	0	0	1	313	1	313	4.65e-166	579
M02215:3:000000000-B9JT7:1:1101:28684:177751:N:0:1;size=14;	882bcbeccf43f6ad24cd4dddc65e79df5feeaa78;Bathycoccus	99.107	336	3	0	1	336	1	336	7.84e-174	604
M02215:3:000000000-B9JT7:1:1102:25469:76421:N:0:1;size=23;	a64ab751b69ad1c2dc45814951dd0b3fce5c88aa;Micromonas	100.000	313	0	0	1	313	1	313	4.75e-166	579
M02215:3:000000000-B9JT7:1:1101:16771:164091:N:0:1;size=67;	ecbcc3bd709776326a720729ad74c020c160aa3a;Chlorella	100.000	313	0	0	1	313	1	313	4.71e-166	579
M02215:3:000000000-B9JT7:1:1101:17397:46391:N:0:1;size=1129;	ecbcc3bd709776326a720729ad74c020c160aa3a;Chlorella	100.000	313	0	0	1	313	1	313	4.75e-166	579
M02215:3:000000000-B9JT7:1:1101:25181:145251:N:0:1;size=12;	882bcbeccf43f6ad24cd4dddc65e79df5feeaa78;Bathycoccus	99.394	330	2	0	1	330	1	330	3.65e-172	599
M02215:3:000000000-B9JT7:1:1101:16896:198511:N:0:1;size=401;	ecbcc3bd709776326a720729ad74c020c160aa3a;Chlorella	100.000	313	0	0	1	313	1	313	4.75e-166	579
M02215:3:000000000-B9JT7:1:1101:23885:57261:N:0:1;size=22;	882bcbeccf43f6ad24cd4dddc65e79df5feeaa78;Bathycoccus	98.810	336	4	0	1	336	1	336	3.59e-172	599
M02215:3:000000000-B9JT7:1:1101:25086:189301:N:0:1;size=11;	a64ab751b69ad1c2dc45814951dd0b3fce5c88aa;Micromonas	100.000	313	0	0	1	313	1	313	4.75e-166	579
M02215:3:000000000-B9JT7:1:1101:26235:95891:N:0:1;size=21;	ecbcc3bd709776326a720729ad74c020c160aa3a;Chlorella	100.000	313	0	0	1	313	1	313	4.71e-166	579
M02215:3:000000000-B9JT7:1:1101:29000:164441:N:0:1;size=11;	a64ab751b69ad1c2dc45814951dd0b3fce5c88aa;Micromonas	100.000	313	0	0	1	313	1	313	4.75e-166	579
M02215:3:000000000-B9JT7:1:1101:7965:102081:N:0:1;size=42;	882bcbeccf43f6ad24cd4dddc65e79df5feeaa78;Bathycoccus	100.000	316	0	0	1	316	1	316	9.22e-168	584
M02215:3:000000000-B9JT7:1:1105:25036:210391:N:0:1;size=11;	a64ab751b69ad1c2dc45814951dd0b3fce5c88aa;Micromonas	100.000	313	0	0	1	313	1	313	4.75e-166	579
M02215:3:000000000-B9JT7:1:1105:7902:116411:N:0:1;size=11;	a64ab751b69ad1c2dc45814951dd0b3fce5c88aa;Micromonas	100.000	313	0	0	1	313	1	313	4.75e-166	579
M02215:3:000000000-B9JT7:1:1101:9706:190041:N:0:1;size=17;	ecbcc3bd709776326a720729ad74c020c160aa3a;Chlorella	100.000	313	0	0	1	313	1	313	4.75e-166	579
M02215:3:000000000-B9JT7:1:1102:17141:81921:N:0:1;size=34;	882bcbeccf43f6ad24cd4dddc65e79df5feeaa78;Bathycoccus	98.810	336	4	0	1	336	1	336	3.55e-172	599
M02215:3:000000000-B9JT7:1:1103:14312:234401:N:0:1;size=10;	a64ab751b69ad1c2dc45814951dd0b3fce5c88aa;Micromonas	100.000	313	0	0	1	313	1	313	4.75e-166	579
M02215:3:000000000-B9JT7:1:1103:28773:124421:N:0:1;size=65;	a64ab751b69ad1c2dc45814951dd0b3fce5c88aa;Micromonas	100.000	313	0	0	1	313	1	313	4.48e-166	579
M02215:3:000000000-B9JT7:1:1104:3133:94811:N:0:1;size=10;	a64ab751b69ad1c2dc45814951dd0b3fce5c88aa;Micromonas	100.000	313	0	0	1	313	1	313	4.75e-166	579
M02215:3:000000000-B9JT7:1:1101:13150:165251:N:0:1;size=9;	882bcbeccf43f6ad24cd4dddc65e79df5feeaa78;Bathycoccus	99.394	330	2	0	1	330	1	330	3.65e-172	599
M02215:3:000000000-B9JT7:1:1102:27641:113741:N:0:1;size=9;	882bcbeccf43f6ad24cd4dddc65e79df5feeaa78;Bathycoccus	100.000	315	0	0	1	315	1	315	3.33e-167	582
M02215:3:000000000-B9JT7:1:1102:4147:101301:N:0:1;size=45;	ecbcc3bd709776326a720729ad74c020c160aa3a;Chlorella	100.000	313	0	0	1	313	1	313	4.48e-166	579
M02215:3:000000000-B9JT7:1:1110:26337:110181:N:0:1;size=9;	a64ab751b69ad1c2dc45814951dd0b3fce5c88aa;Micromonas	100.000	313	0	0	1	313	1	313	4.71e-166	579
M02215:3:000000000-B9JT7:1:1101:19305:23261:N:0:1;size=8;	882bcbeccf43f6ad24cd4dddc65e79df5feeaa78;Bathycoccus	98.795	332	3	1	1	332	1	331	2.20e-169	590
M02215:3:000000000-B9JT7:1:1101:7522:162731:N:0:1;size=14;	882bcbeccf43f6ad24cd4dddc65e79df5feeaa78;Bathycoccus	100.000	318	0	0	1	318	1	318	7.29e-169	588
M02215:3:000000000-B9JT7:1:1102:25297:129641:N:0:1;size=14;	ecbcc3bd709776326a720729ad74c020c160aa3a;Chlorella	100.000	313	0	0	1	313	1	313	4.75e-166	579
M02215:3:000000000-B9JT7:1:1103:18718:128781:N:0:1;size=41;	12b98cb34776b20c1af3092b34deaa79d36c190a;Maculaura	99.684	316	1	0	1	316	1	316	4.69e-166	579
M02215:3:000000000-B9JT7:1:1104:11330:214371:N:0:1;size=13;	a64ab751b69ad1c2dc45814951dd0b3fce5c88aa;Micromonas	100.000	313	0	0	1	313	1	313	4.75e-166	579
M02215:3:000000000-B9JT7:1:1104:29268:141521:N:0:1;size=8;	882bcbeccf43f6ad24cd4dddc65e79df5feeaa78;Bathycoccus	99.107	336	3	0	1	336	1	336	7.84e-174	604
M02215:3:000000000-B9JT7:1:1104:5398:203171:N:0:1;size=8;	a64ab751b69ad1c2dc45814951dd0b3fce5c88aa;Micromonas	100.000	313	0	0	1	313	1	313	4.75e-166	579
M02215:3:000000000-B9JT7:1:1109:7431:58351:N:0:1;size=11;	a64ab751b69ad1c2dc45814951dd0b3fce5c88aa;Micromonas	100.000	313	0	0	1	313	1	313	4.75e-166	579
M02215:3:000000000-B9JT7:1:1101:10324:225251:N:0:1;size=7;	ecbcc3bd709776326a720729ad74c020c160aa3a;Chlorella	100.000	313	0	0	1	313	1	313	4.75e-166	579
M02215:3:000000000-B9JT7:1:1101:16493:209561:N:0:1;size=9;	882bcbeccf43f6ad24cd4dddc65e79df5feeaa78;Bathycoccus	100.000	318	0	0	1	318	1	318	7.20e-169	588
M02215:3:000000000-B9JT7:1:1102:15469:108171:N:0:1;size=34;	a64ab751b69ad1c2dc45814951dd0b3fce5c88aa;Micromonas	100.000	313	0	0	1	313	1	313	4.52e-166	579
M02215:3:000000000-B9JT7:1:1102:7319:235101:N:0:1;size=7;	882bcbeccf43f6ad24cd4dddc65e79df5feeaa78;Bathycoccus	99.697	330	1	0	1	330	1	330	7.84e-174	604
M02215:3:000000000-B9JT7:1:1103:10424:214311:N:0:1;size=7;	ecbcc3bd709776326a720729ad74c020c160aa3a;Chlorella	100.000	313	0	0	1	313	1	313	4.75e-166	579
M02215:3:000000000-B9JT7:1:1104:25677:116951:N:0:1;size=33;	ecbcc3bd709776326a720729ad74c020c160aa3a;Chlorella	100.000	313	0	0	1	313	1	313	4.56e-166	579
M02215:3:000000000-B9JT7:1:1105:27901:170771:N:0:1;size=263;	12b98cb34776b20c1af3092b34deaa79d36c190a;Maculaura	99.684	316	1	0	1	316	1	316	4.80e-166	579
M02215:3:000000000-B9JT7:1:1107:11467:75841:N:0:1;size=7;	a64ab751b69ad1c2dc45814951dd0b3fce5c88aa;Micromonas	100.000	313	0	0	1	313	1	313	4.75e-166	579
M02215:3:000000000-B9JT7:1:1107:27034:90571:N:0:1;size=7;	882bcbeccf43f6ad24cd4dddc65e79df5feeaa78;Bathycoccus	99.405	336	2	0	1	336	1	336	1.69e-175	610
M02215:3:000000000-B9JT7:1:1108:8069:200021:N:0:1;size=12;	12b98cb34776b20c1af3092b34deaa79d36c190a;Maculaura	99.684	316	1	0	1	316	1	316	4.69e-166	579
M02215:3:000000000-B9JT7:1:1113:7619:181611:N:0:1;size=7;	882bcbeccf43f6ad24cd4dddc65e79df5feeaa78;Bathycoccus	99.096	332	2	1	1	332	1	331	4.72e-171	595
M02215:3:000000000-B9JT7:1:1101:14264:104621:N:0:1;size=16;	ecbcc3bd709776326a720729ad74c020c160aa3a;Chlorella	100.000	313	0	0	1	313	1	313	4.43e-166	579
M02215:3:000000000-B9JT7:1:1101:16413:227131:N:0:1;size=6;	a64ab751b69ad1c2dc45814951dd0b3fce5c88aa;Micromonas	100.000	313	0	0	1	313	1	313	4.75e-166	579
M02215:3:000000000-B9JT7:1:1101:19149:39821:N:0:1;size=47;	a64ab751b69ad1c2dc45814951dd0b3fce5c88aa;Micromonas	100.000	313	0	0	1	313	1	313	4.59e-166	579
M02215:3:000000000-B9JT7:1:1101:21929:192451:N:0:1;size=25;	74bd536a982117e99a75e40240e0e3b1b1f81a5c;Triparma	100.000	313	0	0	1	313	1	313	4.65e-166	579
M02215:3:000000000-B9JT7:1:1101:9776:160061:N:0:1;size=6;	882bcbeccf43f6ad24cd4dddc65e79df5feeaa78;Bathycoccus	98.810	336	4	0	1	336	1	336	3.65e-172	599
M02215:3:000000000-B9JT7:1:1102:18053:169821:N:0:1;size=6;	a64ab751b69ad1c2dc45814951dd0b3fce5c88aa;Micromonas	100.000	313	0	0	1	313	1	313	4.75e-166	579
M02215:3:000000000-B9JT7:1:1102:24149:259711:N:0:1;size=6;	a64ab751b69ad1c2dc45814951dd0b3fce5c88aa;Micromonas	100.000	313	0	0	1	313	1	313	4.71e-166	579
M02215:3:000000000-B9JT7:1:1103:7614:221811:N:0:1;size=6;	ecbcc3bd709776326a720729ad74c020c160aa3a;Chlorella	100.000	313	0	0	1	313	1	313	4.75e-166	579
M02215:3:000000000-B9JT7:1:1103:8793:87491:N:0:1;size=6;	ecbcc3bd709776326a720729ad74c020c160aa3a;Chlorella	100.000	313	0	0	1	313	1	313	4.75e-166	579
M02215:3:000000000-B9JT7:1:1106:18834:137901:N:0:1;size=10;	ecbcc3bd709776326a720729ad74c020c160aa3a;Chlorella	100.000	313	0	0	1	313	1	313	4.75e-166	579
M02215:3:000000000-B9JT7:1:1108:12458:194061:N:0:1;size=6;	a64ab751b69ad1c2dc45814951dd0b3fce5c88aa;Micromonas	100.000	313	0	0	1	313	1	313	4.75e-166	579
M02215:3:000000000-B9JT7:1:1108:12878:231981:N:0:1;size=6;	ecbcc3bd709776326a720729ad74c020c160aa3a;Chlorella	100.000	313	0	0	1	313	1	313	4.75e-166	579
M02215:3:000000000-B9JT7:1:1110:8453:54421:N:0:1;size=11;	ecbcc3bd709776326a720729ad74c020c160aa3a;Chlorella	100.000	313	0	0	1	313	1	313	4.75e-166	579
M02215:3:000000000-B9JT7:1:2101:25699:178411:N:0:1;size=8;	a64ab751b69ad1c2dc45814951dd0b3fce5c88aa;Micromonas	100.000	313	0	0	1	313	1	313	4.59e-166	579
M02215:3:000000000-B9JT7:1:1101:12734:38511:N:0:1;size=9;	ecbcc3bd709776326a720729ad74c020c160aa3a;Chlorella	100.000	313	0	0	1	313	1	313	4.68e-166	579
M02215:3:000000000-B9JT7:1:1101:14977:210851:N:0:1;size=46;	12b98cb34776b20c1af3092b34deaa79d36c190a;Maculaura	99.684	316	1	0	1	316	1	316	4.80e-166	579
M02215:3:000000000-B9JT7:1:1102:14293:231581:N:0:1;size=39;	ecbcc3bd709776326a720729ad74c020c160aa3a;Chlorella	100.000	313	0	0	1	313	1	313	4.59e-166	579
M02215:3:000000000-B9JT7:1:1102:26765:134801:N:0:1;size=5;	ecbcc3bd709776326a720729ad74c020c160aa3a;Chlorella	100.000	313	0	0	1	313	1	313	4.71e-166	579
M02215:3:000000000-B9JT7:1:1103:12710:256471:N:0:1;size=5;	a64ab751b69ad1c2dc45814951dd0b3fce5c88aa;Micromonas	100.000	313	0	0	1	313	1	313	4.75e-166	579
M02215:3:000000000-B9JT7:1:1103:15154:212041:N:0:1;size=13;	12b98cb34776b20c1af3092b34deaa79d36c190a;Maculaura	99.684	316	1	0	1	316	1	316	4.64e-166	579
M02215:3:000000000-B9JT7:1:1103:2478:170621:N:0:1;size=5;	ecbcc3bd709776326a720729ad74c020c160aa3a;Chlorella	100.000	313	0	0	1	313	1	313	4.75e-166	579
M02215:3:000000000-B9JT7:1:1103:24814:197671:N:0:1;size=5;	a64ab751b69ad1c2dc45814951dd0b3fce5c88aa;Micromonas	100.000	313	0	0	1	313	1	313	4.75e-166	579
M02215:3:000000000-B9JT7:1:1103:4160:144631:N:0:1;size=7;	a64ab751b69ad1c2dc45814951dd0b3fce5c88aa;Micromonas	100.000	313	0	0	1	313	1	313	4.62e-166	579
M02215:3:000000000-B9JT7:1:1104:18787:21751:N:0:1;size=5;	a64ab751b69ad1c2dc45814951dd0b3fce5c88aa;Micromonas	100.000	313	0	0	1	313	1	313	4.75e-166	579
M02215:3:000000000-B9JT7:1:1104:7469:112151:N:0:1;size=5;	a64ab751b69ad1c2dc45814951dd0b3fce5c88aa;Micromonas	100.000	313	0	0	1	313	1	313	4.75e-166	579
M02215:3:000000000-B9JT7:1:1106:16822:118941:N:0:1;size=66;	74bd536a982117e99a75e40240e0e3b1b1f81a5c;Triparma	100.000	313	0	0	1	313	1	313	4.75e-166	579
M02215:3:000000000-B9JT7:1:1106:27333:172751:N:0:1;size=5;	ecbcc3bd709776326a720729ad74c020c160aa3a;Chlorella	100.000	313	0	0	1	313	1	313	4.56e-166	579
M02215:3:000000000-B9JT7:1:1106:3580:88721:N:0:1;size=5;	ecbcc3bd709776326a720729ad74c020c160aa3a;Chlorella	100.000	313	0	0	1	313	1	313	4.75e-166	579
M02215:3:000000000-B9JT7:1:1107:17060:45901:N:0:1;size=13;	12b98cb34776b20c1af3092b34deaa79d36c190a;Maculaura	99.684	316	1	0	1	316	1	316	4.80e-166	579
M02215:3:000000000-B9JT7:1:1108:11610:187721:N:0:1;size=5;	a64ab751b69ad1c2dc45814951dd0b3fce5c88aa;Micromonas	100.000	313	0	0	1	313	1	313	4.75e-166	579
M02215:3:000000000-B9JT7:1:1108:17088:34661:N:0:1;size=9;	a64ab751b69ad1c2dc45814951dd0b3fce5c88aa;Micromonas	100.000	313	0	0	1	313	1	313	4.75e-166	579
M02215:3:000000000-B9JT7:1:1108:23006:165261:N:0:1;size=9;	ecbcc3bd709776326a720729ad74c020c160aa3a;Chlorella	100.000	313	0	0	1	313	1	313	4.75e-166	579
M02215:3:000000000-B9JT7:1:1101:13681:50231:N:0:1;size=4;	74bd536a982117e99a75e40240e0e3b1b1f81a5c;Triparma	100.000	313	0	0	1	313	1	313	4.71e-166	579
M02215:3:000000000-B9JT7:1:1101:15872:117141:N:0:1;size=20;	12b98cb34776b20c1af3092b34deaa79d36c190a;Maculaura	99.684	316	1	0	1	316	1	316	4.75e-166	579
M02215:3:000000000-B9JT7:1:1101:18093:183211:N:0:1;size=12;	12b98cb34776b20c1af3092b34deaa79d36c190a;Maculaura	99.684	316	1	0	1	316	1	316	4.80e-166	579
M02215:3:000000000-B9JT7:1:1101:20715:85191:N:0:1;size=11;	12b98cb34776b20c1af3092b34deaa79d36c190a;Maculaura	99.684	316	1	0	1	316	1	316	4.80e-166	579
M02215:3:000000000-B9JT7:1:1101:27539:195951:N:0:1;size=12;	b1a34b52e9dbe50cc0e7728a1c7595dcf1351f25;Littorina	100.000	313	0	0	1	313	1	313	4.71e-166	579
M02215:3:000000000-B9JT7:1:1102:22059:55341:N:0:1;size=4;	882bcbeccf43f6ad24cd4dddc65e79df5feeaa78;Bathycoccus	98.810	336	4	0	1	336	1	336	3.65e-172	599
M02215:3:000000000-B9JT7:1:1103:10439:25031:N:0:1;size=4;	a64ab751b69ad1c2dc45814951dd0b3fce5c88aa;Micromonas	100.000	313	0	0	1	313	1	313	4.75e-166	579
M02215:3:000000000-B9JT7:1:1103:10935:157501:N:0:1;size=8;	12b98cb34776b20c1af3092b34deaa79d36c190a;Maculaura	99.684	316	1	0	1	316	1	316	4.75e-166	579
M02215:3:000000000-B9JT7:1:1103:27049:89531:N:0:1;size=4;	12b98cb34776b20c1af3092b34deaa79d36c190a;Maculaura	99.684	316	1	0	1	316	1	316	4.80e-166	579
M02215:3:000000000-B9JT7:1:1103:8611:109361:N:0:1;size=4;	a64ab751b69ad1c2dc45814951dd0b3fce5c88aa;Micromonas	100.000	313	0	0	1	313	1	313	4.68e-166	579
M02215:3:000000000-B9JT7:1:1104:11088:131551:N:0:1;size=6;	12b98cb34776b20c1af3092b34deaa79d36c190a;Maculaura	99.684	316	1	0	1	316	1	316	4.80e-166	579
M02215:3:000000000-B9JT7:1:1104:11768:146951:N:0:1;size=10;	12b98cb34776b20c1af3092b34deaa79d36c190a;Maculaura	99.684	316	1	0	1	316	1	316	4.29e-166	579
M02215:3:000000000-B9JT7:1:1104:18883:180671:N:0:1;size=31;	12b98cb34776b20c1af3092b34deaa79d36c190a;Maculaura	99.684	316	1	0	1	316	1	316	4.80e-166	579
M02215:3:000000000-B9JT7:1:1104:27360:144741:N:0:1;size=35;	b1a34b52e9dbe50cc0e7728a1c7595dcf1351f25;Littorina	100.000	313	0	0	1	313	1	313	4.75e-166	579
M02215:3:000000000-B9JT7:1:1105:10384:70991:N:0:1;size=4;	12b98cb34776b20c1af3092b34deaa79d36c190a;Maculaura	99.684	316	1	0	1	316	1	316	4.80e-166	579
M02215:3:000000000-B9JT7:1:1105:15619:123361:N:0:1;size=8;	74bd536a982117e99a75e40240e0e3b1b1f81a5c;Triparma	100.000	313	0	0	1	313	1	313	4.59e-166	579
M02215:3:000000000-B9JT7:1:1105:16363:177931:N:0:1;size=4;	882bcbeccf43f6ad24cd4dddc65e79df5feeaa78;Bathycoccus	99.398	332	1	1	1	332	1	331	1.01e-172	601
M02215:3:000000000-B9JT7:1:1105:19151:168351:N:0:1;size=6;	b1a34b52e9dbe50cc0e7728a1c7595dcf1351f25;Littorina	100.000	313	0	0	1	313	1	313	4.71e-166	579
M02215:3:000000000-B9JT7:1:1105:4399:201011:N:0:1;size=28;	a64ab751b69ad1c2dc45814951dd0b3fce5c88aa;Micromonas	100.000	313	0	0	1	313	1	313	4.56e-166	579
M02215:3:000000000-B9JT7:1:1106:13287:225491:N:0:1;size=4;	f8cc939e969331c93d31ef139a62816b20d1e395;Phytophthora	100.000	313	0	0	1	313	1	313	4.75e-166	579
M02215:3:000000000-B9JT7:1:1106:14203:196341:N:0:1;size=6;	74bd536a982117e99a75e40240e0e3b1b1f81a5c;Triparma	100.000	313	0	0	1	313	1	313	4.46e-166	579
M02215:3:000000000-B9JT7:1:1106:15420:94931:N:0:1;size=33;	74bd536a982117e99a75e40240e0e3b1b1f81a5c;Triparma	100.000	313	0	0	1	313	1	313	4.75e-166	579
M02215:3:000000000-B9JT7:1:1107:10919:30981:N:0:1;size=4;	882bcbeccf43f6ad24cd4dddc65e79df5feeaa78;Bathycoccus	99.107	336	3	0	1	336	1	336	7.84e-174	604
M02215:3:000000000-B9JT7:1:1107:14996:193101:N:0:1;size=4;	ecbcc3bd709776326a720729ad74c020c160aa3a;Chlorella	100.000	313	0	0	1	313	1	313	4.75e-166	579
M02215:3:000000000-B9JT7:1:1107:23157:116621:N:0:1;size=4;	ecbcc3bd709776326a720729ad74c020c160aa3a;Chlorella	100.000	313	0	0	1	313	1	313	4.75e-166	579
M02215:3:000000000-B9JT7:1:1107:26883:112251:N:0:1;size=4;	ecbcc3bd709776326a720729ad74c020c160aa3a;Chlorella	100.000	313	0	0	1	313	1	313	4.75e-166	579
M02215:3:000000000-B9JT7:1:1108:18179:267341:N:0:1;size=16;	882bcbeccf43f6ad24cd4dddc65e79df5feeaa78;Bathycoccus	97.917	336	7	0	1	336	1	336	3.67e-167	582
M02215:3:000000000-B9JT7:1:1108:20159:45991:N:0:1;size=7;	a64ab751b69ad1c2dc45814951dd0b3fce5c88aa;Micromonas	100.000	313	0	0	1	313	1	313	4.75e-166	579
M02215:3:000000000-B9JT7:1:1108:24420:158891:N:0:1;size=13;	ecbcc3bd709776326a720729ad74c020c160aa3a;Chlorella	100.000	313	0	0	1	313	1	313	4.75e-166	579
M02215:3:000000000-B9JT7:1:1108:8144:245611:N:0:1;size=4;	a64ab751b69ad1c2dc45814951dd0b3fce5c88aa;Micromonas	100.000	313	0	0	1	313	1	313	4.75e-166	579
M02215:3:000000000-B9JT7:1:1109:12655:149491:N:0:1;size=10;	12b98cb34776b20c1af3092b34deaa79d36c190a;Maculaura	99.684	316	1	0	1	316	1	316	4.80e-166	579
M02215:3:000000000-B9JT7:1:1109:21420:132201:N:0:1;size=4;	ecbcc3bd709776326a720729ad74c020c160aa3a;Chlorella	100.000	313	0	0	1	313	1	313	4.75e-166	579
M02215:3:000000000-B9JT7:1:1109:21991:144391:N:0:1;size=4;	a64ab751b69ad1c2dc45814951dd0b3fce5c88aa;Micromonas	100.000	313	0	0	1	313	1	313	4.75e-166	579
M02215:3:000000000-B9JT7:1:1109:25172:132791:N:0:1;size=8;	12b98cb34776b20c1af3092b34deaa79d36c190a;Maculaura	99.684	316	1	0	1	316	1	316	4.80e-166	579
M02215:3:000000000-B9JT7:1:1109:28777:197301:N:0:1;size=4;	ecbcc3bd709776326a720729ad74c020c160aa3a;Chlorella	100.000	313	0	0	1	313	1	313	4.75e-166	579
M02215:3:000000000-B9JT7:1:1110:26782:188701:N:0:1;size=7;	12b98cb34776b20c1af3092b34deaa79d36c190a;Maculaura	99.684	316	1	0	1	316	1	316	4.80e-166	579
M02215:3:000000000-B9JT7:1:1110:3434:130211:N:0:1;size=4;	12b98cb34776b20c1af3092b34deaa79d36c190a;Maculaura	99.684	316	1	0	1	316	1	316	4.67e-166	579
M02215:3:000000000-B9JT7:1:1110:5989:219141:N:0:1;size=12;	12b98cb34776b20c1af3092b34deaa79d36c190a;Maculaura	99.684	316	1	0	1	316	1	316	4.80e-166	579
M02215:3:000000000-B9JT7:1:1113:22839:46351:N:0:1;size=10;	b1a34b52e9dbe50cc0e7728a1c7595dcf1351f25;Littorina	100.000	313	0	0	1	313	1	313	4.48e-166	579
M02215:3:000000000-B9JT7:1:1114:15201:68911:N:0:1;size=4;	a64ab751b69ad1c2dc45814951dd0b3fce5c88aa;Micromonas	100.000	313	0	0	1	313	1	313	4.75e-166	579
M02215:3:000000000-B9JT7:1:1101:10701:86981:N:0:1;size=8;	ecbcc3bd709776326a720729ad74c020c160aa3a;Chlorella	100.000	313	0	0	1	313	1	313	4.52e-166	579
M02215:3:000000000-B9JT7:1:1101:16220:152191:N:0:1;size=3;	a64ab751b69ad1c2dc45814951dd0b3fce5c88aa;Micromonas	100.000	313	0	0	1	313	1	313	4.75e-166	579
M02215:3:000000000-B9JT7:1:1101:2229:163371:N:0:1;size=9;	12b98cb34776b20c1af3092b34deaa79d36c190a;Maculaura	99.684	316	1	0	1	316	1	316	4.80e-166	579
M02215:3:000000000-B9JT7:1:1101:24740:249661:N:0:1;size=7;	32162e451e12cdf5cf3628007e99b0efa1ba946b;Phaeocystis	100.000	313	0	0	1	313	1	313	4.65e-166	579
M02215:3:000000000-B9JT7:1:1101:25081:157171:N:0:1;size=3;	dbcb76e1d0fba2cbbb336683406048a5aa2f5fce;Corynidae	100.000	313	0	0	1	313	1	313	4.75e-166	579
M02215:3:000000000-B9JT7:1:1101:4943:81691:N:0:1;size=3;	882bcbeccf43f6ad24cd4dddc65e79df5feeaa78;Bathycoccus	98.193	332	5	1	1	332	1	331	4.65e-166	579
M02215:3:000000000-B9JT7:1:1101:6094:182691:N:0:1;size=3;	b1a34b52e9dbe50cc0e7728a1c7595dcf1351f25;Littorina	100.000	313	0	0	1	313	1	313	4.75e-166	579
M02215:3:000000000-B9JT7:1:1101:6249:55091:N:0:1;size=3;	b1a34b52e9dbe50cc0e7728a1c7595dcf1351f25;Littorina	100.000	313	0	0	1	313	1	313	4.75e-166	579
M02215:3:000000000-B9JT7:1:1102:16978:73751:N:0:1;size=8;	d92752cfdd8fd1a32b49db69adb3e1e7a3b4e8cc;Cyclotella	99.681	313	1	0	1	313	1	313	2.16e-164	573
M02215:3:000000000-B9JT7:1:1102:17936:212181:N:0:1;size=5;	d92752cfdd8fd1a32b49db69adb3e1e7a3b4e8cc;Cyclotella	99.681	313	1	0	1	313	1	313	2.21e-164	573
M02215:3:000000000-B9JT7:1:1102:20884:57331:N:0:1;size=3;	32162e451e12cdf5cf3628007e99b0efa1ba946b;Phaeocystis	100.000	313	0	0	1	313	1	313	4.75e-166	579
M02215:3:000000000-B9JT7:1:1102:21511:104471:N:0:1;size=3;	a64ab751b69ad1c2dc45814951dd0b3fce5c88aa;Micromonas	100.000	313	0	0	1	313	1	313	4.40e-166	579
M02215:3:000000000-B9JT7:1:1102:21739:164601:N:0:1;size=6;	12b98cb34776b20c1af3092b34deaa79d36c190a;Maculaura	99.684	316	1	0	1	316	1	316	4.80e-166	579
M02215:3:000000000-B9JT7:1:1102:9001:223581:N:0:1;size=3;	12b98cb34776b20c1af3092b34deaa79d36c190a;Maculaura	99.684	316	1	0	1	316	1	316	4.80e-166	579
M02215:3:000000000-B9JT7:1:1103:20536:212001:N:0:1;size=3;	ecbcc3bd709776326a720729ad74c020c160aa3a;Chlorella	100.000	313	0	0	1	313	1	313	4.75e-166	579
M02215:3:000000000-B9JT7:1:1104:11827:45921:N:0:1;size=3;	6f98e637735b187cd156c79b8f022a0bc63d5fc5;Micromonas	100.000	313	0	0	1	313	1	313	4.48e-166	579
M02215:3:000000000-B9JT7:1:1104:13250:71331:N:0:1;size=3;	12b98cb34776b20c1af3092b34deaa79d36c190a;Maculaura	99.684	316	1	0	1	316	1	316	4.80e-166	579
M02215:3:000000000-B9JT7:1:1104:16383:28611:N:0:1;size=3;	a64ab751b69ad1c2dc45814951dd0b3fce5c88aa;Micromonas	100.000	313	0	0	1	313	1	313	4.75e-166	579
M02215:3:000000000-B9JT7:1:1104:18992:196101:N:0:1;size=3;	12b98cb34776b20c1af3092b34deaa79d36c190a;Maculaura	99.684	316	1	0	1	316	1	316	4.80e-166	579
M02215:3:000000000-B9JT7:1:1104:22357:182081:N:0:1;size=9;	135564e9c33f7abcb19bbdbfc571af0ea2c77f82;Pedospumella	100.000	313	0	0	1	313	1	313	4.75e-166	579
M02215:3:000000000-B9JT7:1:1104:25136:153391:N:0:1;size=3;	12b98cb34776b20c1af3092b34deaa79d36c190a;Maculaura	99.684	316	1	0	1	316	1	316	4.80e-166	579
M02215:3:000000000-B9JT7:1:1104:8496:129381:N:0:1;size=3;	d92752cfdd8fd1a32b49db69adb3e1e7a3b4e8cc;Cyclotella	99.681	313	1	0	1	313	1	313	2.19e-164	573
M02215:3:000000000-B9JT7:1:1105:13037:194011:N:0:1;size=3;	12b98cb34776b20c1af3092b34deaa79d36c190a;Maculaura	99.684	316	1	0	1	316	1	316	4.80e-166	579
M02215:3:000000000-B9JT7:1:1105:13059:215081:N:0:1;size=3;	6f98e637735b187cd156c79b8f022a0bc63d5fc5;Micromonas	100.000	313	0	0	1	313	1	313	4.75e-166	579
M02215:3:000000000-B9JT7:1:1105:14627:198821:N:0:1;size=5;	882bcbeccf43f6ad24cd4dddc65e79df5feeaa78;Bathycoccus	98.810	336	4	0	1	336	1	336	3.65e-172	599
M02215:3:000000000-B9JT7:1:1105:16085:96741:N:0:1;size=3;	ecbcc3bd709776326a720729ad74c020c160aa3a;Chlorella	100.000	313	0	0	1	313	1	313	4.75e-166	579
M02215:3:000000000-B9JT7:1:1105:21744:270041:N:0:1;size=3;	12b98cb34776b20c1af3092b34deaa79d36c190a;Maculaura	99.684	316	1	0	1	316	1	316	4.80e-166	579
M02215:3:000000000-B9JT7:1:1105:25480:153911:N:0:1;size=13;	b1a34b52e9dbe50cc0e7728a1c7595dcf1351f25;Littorina	100.000	313	0	0	1	313	1	313	4.75e-166	579
M02215:3:000000000-B9JT7:1:1105:27104:172911:N:0:1;size=3;	74bd536a982117e99a75e40240e0e3b1b1f81a5c;Triparma	100.000	313	0	0	1	313	1	313	4.75e-166	579
M02215:3:000000000-B9JT7:1:1105:6981:141051:N:0:1;size=3;	882bcbeccf43f6ad24cd4dddc65e79df5feeaa78;Bathycoccus	98.810	336	4	0	1	336	1	336	3.65e-172	599
M02215:3:000000000-B9JT7:1:1106:15174:70141:N:0:1;size=7;	12b98cb34776b20c1af3092b34deaa79d36c190a;Maculaura	99.684	316	1	0	1	316	1	316	4.52e-166	579
M02215:3:000000000-B9JT7:1:1106:15561:182931:N:0:1;size=3;	b1a34b52e9dbe50cc0e7728a1c7595dcf1351f25;Littorina	100.000	313	0	0	1	313	1	313	4.75e-166	579
M02215:3:000000000-B9JT7:1:1106:15732:46691:N:0:1;size=3;	12b98cb34776b20c1af3092b34deaa79d36c190a;Maculaura	99.684	316	1	0	1	316	1	316	4.80e-166	579
M02215:3:000000000-B9JT7:1:1106:18507:206091:N:0:1;size=5;	12b98cb34776b20c1af3092b34deaa79d36c190a;Maculaura	99.684	316	1	0	1	316	1	316	4.80e-166	579
M02215:3:000000000-B9JT7:1:1106:23545:84441:N:0:1;size=3;	ecbcc3bd709776326a720729ad74c020c160aa3a;Chlorella	100.000	313	0	0	1	313	1	313	4.68e-166	579
M02215:3:000000000-B9JT7:1:1106:3750:85581:N:0:1;size=3;	12b98cb34776b20c1af3092b34deaa79d36c190a;Maculaura	99.684	316	1	0	1	316	1	316	4.80e-166	579
M02215:3:000000000-B9JT7:1:1106:5667:183121:N:0:1;size=7;	ecbcc3bd709776326a720729ad74c020c160aa3a;Chlorella	100.000	313	0	0	1	313	1	313	4.53e-166	579
M02215:3:000000000-B9JT7:1:1106:8282:148551:N:0:1;size=6;	b1a34b52e9dbe50cc0e7728a1c7595dcf1351f25;Littorina	100.000	313	0	0	1	313	1	313	4.75e-166	579
M02215:3:000000000-B9JT7:1:1106:9933:264241:N:0:1;size=3;	a64ab751b69ad1c2dc45814951dd0b3fce5c88aa;Micromonas	100.000	312	0	0	2	313	2	313	1.69e-165	577
M02215:3:000000000-B9JT7:1:1107:12129:150091:N:0:1;size=8;	135564e9c33f7abcb19bbdbfc571af0ea2c77f82;Pedospumella	100.000	313	0	0	1	313	1	313	4.65e-166	579
M02215:3:000000000-B9JT7:1:1107:12786:224281:N:0:1;size=3;	12b98cb34776b20c1af3092b34deaa79d36c190a;Maculaura	99.684	316	1	0	1	316	1	316	4.80e-166	579
M02215:3:000000000-B9JT7:1:1107:16562:69791:N:0:1;size=3;	74bd536a982117e99a75e40240e0e3b1b1f81a5c;Triparma	100.000	313	0	0	1	313	1	313	4.75e-166	579
M02215:3:000000000-B9JT7:1:1107:17602:241711:N:0:1;size=3;	a64ab751b69ad1c2dc45814951dd0b3fce5c88aa;Micromonas	100.000	313	0	0	1	313	1	313	4.29e-166	579
M02215:3:000000000-B9JT7:1:1107:19674:51971:N:0:1;size=5;	14e21ec9b37d5162dc34cd67d5d5b38e896ff4af;Bathycoccus	100.000	313	0	0	1	313	1	313	4.75e-166	579
M02215:3:000000000-B9JT7:1:1107:20351:34811:N:0:1;size=3;	12b98cb34776b20c1af3092b34deaa79d36c190a;Maculaura	99.684	316	1	0	1	316	1	316	4.80e-166	579
M02215:3:000000000-B9JT7:1:1107:21471:46331:N:0:1;size=3;	12b98cb34776b20c1af3092b34deaa79d36c190a;Maculaura	99.684	316	1	0	1	316	1	316	4.75e-166	579
M02215:3:000000000-B9JT7:1:1107:7307:157291:N:0:1;size=3;	a64ab751b69ad1c2dc45814951dd0b3fce5c88aa;Micromonas	100.000	313	0	0	1	313	1	313	4.71e-166	579
M02215:3:000000000-B9JT7:1:1107:9467:112381:N:0:1;size=3;	12b98cb34776b20c1af3092b34deaa79d36c190a;Maculaura	99.684	316	1	0	1	316	1	316	4.80e-166	579
M02215:3:000000000-B9JT7:1:1108:15550:219391:N:0:1;size=3;	12b98cb34776b20c1af3092b34deaa79d36c190a;Maculaura	99.684	316	1	0	1	316	1	316	4.80e-166	579
M02215:3:000000000-B9JT7:1:1108:18044:231361:N:0:1;size=6;	ecbcc3bd709776326a720729ad74c020c160aa3a;Chlorella	100.000	313	0	0	1	313	1	313	4.75e-166	579
M02215:3:000000000-B9JT7:1:1108:26527:76111:N:0:1;size=5;	12b98cb34776b20c1af3092b34deaa79d36c190a;Maculaura	99.684	316	1	0	1	316	1	316	4.80e-166	579
M02215:3:000000000-B9JT7:1:1108:27712:82651:N:0:1;size=5;	74bd536a982117e99a75e40240e0e3b1b1f81a5c;Triparma	100.000	313	0	0	1	313	1	313	4.75e-166	579
M02215:3:000000000-B9JT7:1:1108:8144:52951:N:0:1;size=5;	d92752cfdd8fd1a32b49db69adb3e1e7a3b4e8cc;Cyclotella	99.681	313	1	0	1	313	1	313	2.21e-164	573
M02215:3:000000000-B9JT7:1:1109:10493:238121:N:0:1;size=3;	ecbcc3bd709776326a720729ad74c020c160aa3a;Chlorella	100.000	313	0	0	1	313	1	313	4.75e-166	579
M02215:3:000000000-B9JT7:1:1109:11208:123641:N:0:1;size=3;	b1a34b52e9dbe50cc0e7728a1c7595dcf1351f25;Littorina	100.000	313	0	0	1	313	1	313	4.75e-166	579
M02215:3:000000000-B9JT7:1:1109:13563:180511:N:0:1;size=3;	74bd536a982117e99a75e40240e0e3b1b1f81a5c;Triparma	100.000	313	0	0	1	313	1	313	4.75e-166	579
M02215:3:000000000-B9JT7:1:1109:16989:71971:N:0:1;size=3;	882bcbeccf43f6ad24cd4dddc65e79df5feeaa78;Bathycoccus	99.394	330	2	0	1	330	1	330	3.55e-172	599
M02215:3:000000000-B9JT7:1:1109:18206:36811:N:0:1;size=3;	ecbcc3bd709776326a720729ad74c020c160aa3a;Chlorella	100.000	313	0	0	1	313	1	313	4.59e-166	579
M02215:3:000000000-B9JT7:1:1109:25748:168361:N:0:1;size=3;	b57949f2759ef72fe986ab28e641f624ddef6661;Chordariaceae	100.000	313	0	0	1	313	1	313	4.75e-166	579
M02215:3:000000000-B9JT7:1:1109:8712:241131:N:0:1;size=3;	12b98cb34776b20c1af3092b34deaa79d36c190a;Maculaura	99.684	316	1	0	1	316	1	316	4.80e-166	579
M02215:3:000000000-B9JT7:1:1109:9888:212741:N:0:1;size=3;	a64ab751b69ad1c2dc45814951dd0b3fce5c88aa;Micromonas	100.000	312	0	0	2	313	2	313	1.71e-165	577
M02215:3:000000000-B9JT7:1:1110:11847:211311:N:0:1;size=6;	12b98cb34776b20c1af3092b34deaa79d36c190a;Maculaura	99.684	316	1	0	1	316	1	316	4.80e-166	579
M02215:3:000000000-B9JT7:1:1110:16772:156951:N:0:1;size=11;	b1a34b52e9dbe50cc0e7728a1c7595dcf1351f25;Littorina	100.000	313	0	0	1	313	1	313	4.75e-166	579
M02215:3:000000000-B9JT7:1:1110:19966:225791:N:0:1;size=11;	b1a34b52e9dbe50cc0e7728a1c7595dcf1351f25;Littorina	100.000	313	0	0	1	313	1	313	4.75e-166	579
M02215:3:000000000-B9JT7:1:1110:20874:127481:N:0:1;size=3;	32162e451e12cdf5cf3628007e99b0efa1ba946b;Phaeocystis	100.000	313	0	0	1	313	1	313	4.75e-166	579
M02215:3:000000000-B9JT7:1:1110:25113:87891:N:0:1;size=5;	b1a34b52e9dbe50cc0e7728a1c7595dcf1351f25;Littorina	100.000	313	0	0	1	313	1	313	4.71e-166	579
M02215:3:000000000-B9JT7:1:1110:26356:200021:N:0:1;size=3;	a64ab751b69ad1c2dc45814951dd0b3fce5c88aa;Micromonas	100.000	313	0	0	1	313	1	313	4.65e-166	579
M02215:3:000000000-B9JT7:1:1111:12062:285421:N:0:1;size=3;	74bd536a982117e99a75e40240e0e3b1b1f81a5c;Triparma	100.000	313	0	0	1	313	1	313	4.75e-166	579
M02215:3:000000000-B9JT7:1:1111:12365:201901:N:0:1;size=3;	954c2d6a54f3a580cb8173b46bb5997143517f0e;Bathycoccus	95.192	312	15	0	2	313	2	313	1.67e-140	494
M02215:3:000000000-B9JT7:1:1111:15169:124991:N:0:1;size=3;	12b98cb34776b20c1af3092b34deaa79d36c190a;Maculaura	99.684	316	1	0	1	316	1	316	4.80e-166	579
M02215:3:000000000-B9JT7:1:1111:18450:100861:N:0:1;size=3;	32162e451e12cdf5cf3628007e99b0efa1ba946b;Phaeocystis	100.000	313	0	0	1	313	1	313	4.75e-166	579
M02215:3:000000000-B9JT7:1:1112:12439:184831:N:0:1;size=3;	d92752cfdd8fd1a32b49db69adb3e1e7a3b4e8cc;Cyclotella	99.681	313	1	0	1	313	1	313	2.21e-164	573
M02215:3:000000000-B9JT7:1:1112:18611:120321:N:0:1;size=3;	74bd536a982117e99a75e40240e0e3b1b1f81a5c;Triparma	100.000	313	0	0	1	313	1	313	4.75e-166	579
M02215:3:000000000-B9JT7:1:1112:21348:256221:N:0:1;size=3;	c97e203113b40b77e44612c1d6e835474a9ddfac;Bathycoccus	100.000	313	0	0	1	313	1	313	4.75e-166	579
M02215:3:000000000-B9JT7:1:1112:22335:127271:N:0:1;size=3;	ecbcc3bd709776326a720729ad74c020c160aa3a;Chlorella	100.000	313	0	0	1	313	1	313	4.75e-166	579
M02215:3:000000000-B9JT7:1:1112:22830:249101:N:0:1;size=3;	b1a34b52e9dbe50cc0e7728a1c7595dcf1351f25;Littorina	100.000	313	0	0	1	313	1	313	4.65e-166	579
M02215:3:000000000-B9JT7:1:1112:23764:222641:N:0:1;size=3;	12b98cb34776b20c1af3092b34deaa79d36c190a;Maculaura	99.684	316	1	0	1	316	1	316	4.80e-166	579
M02215:3:000000000-B9JT7:1:1112:29054:130021:N:0:1;size=5;	74bd536a982117e99a75e40240e0e3b1b1f81a5c;Triparma	100.000	313	0	0	1	313	1	313	4.75e-166	579
M02215:3:000000000-B9JT7:1:1113:2652:141511:N:0:1;size=3;	a64ab751b69ad1c2dc45814951dd0b3fce5c88aa;Micromonas	100.000	312	0	0	2	313	2	313	1.71e-165	577
M02215:3:000000000-B9JT7:1:1113:6637:243741:N:0:1;size=13;	d92752cfdd8fd1a32b49db69adb3e1e7a3b4e8cc;Cyclotella	99.681	313	1	0	1	313	1	313	2.21e-164	573
M02215:3:000000000-B9JT7:1:2102:12553:46441:N:0:1;size=3;	bc7798d3a55901fe59d6bb982bb5e6ab5a08c019;Holometabola	100.000	313	0	0	1	313	1	313	4.71e-166	579
M02215:3:000000000-B9JT7:1:2102:12905:60571:N:0:1;size=3;	b1a34b52e9dbe50cc0e7728a1c7595dcf1351f25;Littorina	100.000	313	0	0	1	313	1	313	4.52e-166	579
M02215:3:000000000-B9JT7:1:2102:5668:174181:N:0:1;size=3;	12b98cb34776b20c1af3092b34deaa79d36c190a;Maculaura	99.684	316	1	0	1	316	1	316	4.75e-166	579
M02215:3:000000000-B9JT7:1:2103:14914:81191:N:0:1;size=3;	b1a34b52e9dbe50cc0e7728a1c7595dcf1351f25;Littorina	100.000	313	0	0	1	313	1	313	4.65e-166	579
M02215:3:000000000-B9JT7:1:2103:20120:107611:N:0:1;size=3;	a64ab751b69ad1c2dc45814951dd0b3fce5c88aa;Micromonas	100.000	312	0	0	2	313	2	313	1.69e-165	577
M02215:3:000000000-B9JT7:1:2103:9185:87761:N:0:1;size=3;	12b98cb34776b20c1af3092b34deaa79d36c190a;Maculaura	99.684	316	1	0	1	316	1	316	4.80e-166	579
M02215:3:000000000-B9JT7:1:2104:16000:222141:N:0:1;size=5;	ecbcc3bd709776326a720729ad74c020c160aa3a;Chlorella	100.000	313	0	0	1	313	1	313	4.62e-166	579
M02215:3:000000000-B9JT7:1:2107:22870:162861:N:0:1;size=3;	d92752cfdd8fd1a32b49db69adb3e1e7a3b4e8cc;Cyclotella	99.681	313	1	0	1	313	1	313	2.21e-164	573
M02215:3:000000000-B9JT7:1:2109:26205:191311:N:0:1;size=3;	d92752cfdd8fd1a32b49db69adb3e1e7a3b4e8cc;Cyclotella	99.361	313	2	0	1	313	1	313	1.03e-162	568
M02215:3:000000000-B9JT7:1:1101:11280:38971:N:0:1;size=2;	12b98cb34776b20c1af3092b34deaa79d36c190a;Maculaura	99.684	316	1	0	1	316	1	316	4.80e-166	579
M02215:3:000000000-B9JT7:1:1101:14762:92321:N:0:1;size=2;	a4c5abb6f8cf3f8e1f96fcd812149a53baef88bd;Micromonas	99.361	313	2	0	1	313	1	313	1.03e-162	568
M02215:3:000000000-B9JT7:1:1101:14997:67041:N:0:1;size=2;	d92752cfdd8fd1a32b49db69adb3e1e7a3b4e8cc;Cyclotella	99.681	313	1	0	1	313	1	313	2.21e-164	573
M02215:3:000000000-B9JT7:1:1101:15125:159271:N:0:1;size=2;	a64ab751b69ad1c2dc45814951dd0b3fce5c88aa;Micromonas	100.000	312	0	0	2	313	2	313	1.71e-165	577
M02215:3:000000000-B9JT7:1:1101:15192:85171:N:0:1;size=2;	f480326f0c6c82489d3b525d63ed3f6d1313807f;root	100.000	313	0	0	1	313	1	313	4.75e-166	579
M02215:3:000000000-B9JT7:1:1101:15760:133141:N:0:1;size=2;	dbcb76e1d0fba2cbbb336683406048a5aa2f5fce;Corynidae	100.000	313	0	0	1	313	1	313	4.75e-166	579
M02215:3:000000000-B9JT7:1:1101:16253:34841:N:0:1;size=4;	b1a34b52e9dbe50cc0e7728a1c7595dcf1351f25;Littorina	100.000	313	0	0	1	313	1	313	4.75e-166	579
M02215:3:000000000-B9JT7:1:1101:16490:131681:N:0:1;size=2;	882bcbeccf43f6ad24cd4dddc65e79df5feeaa78;Bathycoccus	97.941	340	7	0	1	340	1	340	2.20e-169	590
M02215:3:000000000-B9JT7:1:1101:16889:44541:N:0:1;size=2;	b1a34b52e9dbe50cc0e7728a1c7595dcf1351f25;Littorina	100.000	313	0	0	1	313	1	313	4.75e-166	579
M02215:3:000000000-B9JT7:1:1101:18893:40011:N:0:1;size=2;	32162e451e12cdf5cf3628007e99b0efa1ba946b;Phaeocystis	100.000	313	0	0	1	313	1	313	4.75e-166	579
M02215:3:000000000-B9JT7:1:1101:20094:237611:N:0:1;size=2;	5ae1341da7ed3b29f88201563c85b12b0112a65a;Minutocellus	100.000	313	0	0	1	313	1	313	4.59e-166	579
M02215:3:000000000-B9JT7:1:1101:20178:21451:N:0:1;size=2;	882bcbeccf43f6ad24cd4dddc65e79df5feeaa78;Bathycoccus	98.788	330	4	0	1	330	1	330	7.90e-169	588
M02215:3:000000000-B9JT7:1:1101:20682:176811:N:0:1;size=2;	882bcbeccf43f6ad24cd4dddc65e79df5feeaa78;Bathycoccus	98.512	336	5	0	1	336	1	336	1.68e-170	593
M02215:3:000000000-B9JT7:1:1101:21115:30141:N:0:1;size=2;	024cb01e2d0aeadcf445413c5e9c43ded25e848d;Bathycoccus	90.909	297	27	0	1	297	1	297	3.97e-112	399
M02215:3:000000000-B9JT7:1:1101:21572:75711:N:0:1;size=2;	d92752cfdd8fd1a32b49db69adb3e1e7a3b4e8cc;Cyclotella	99.681	313	1	0	1	313	1	313	2.21e-164	573
M02215:3:000000000-B9JT7:1:1101:22544:176081:N:0:1;size=4;	12b98cb34776b20c1af3092b34deaa79d36c190a;Maculaura	99.684	316	1	0	1	316	1	316	4.80e-166	579
M02215:3:000000000-B9JT7:1:1101:23152:211741:N:0:1;size=2;	dbcb76e1d0fba2cbbb336683406048a5aa2f5fce;Corynidae	100.000	313	0	0	1	313	1	313	4.75e-166	579
M02215:3:000000000-B9JT7:1:1101:25111:146931:N:0:1;size=2;	ecbcc3bd709776326a720729ad74c020c160aa3a;Chlorella	100.000	313	0	0	1	313	1	313	4.75e-166	579
M02215:3:000000000-B9JT7:1:1101:2609:113971:N:0:1;size=2;	882bcbeccf43f6ad24cd4dddc65e79df5feeaa78;Bathycoccus	98.214	336	6	0	1	336	1	336	7.90e-169	588
M02215:3:000000000-B9JT7:1:1101:27316:137921:N:0:1;size=2;	36d964d3928aaf6d43b105fc8206d40ee4c7fb7c;Calanus	98.722	313	4	0	1	313	1	313	2.23e-159	556
M02215:3:000000000-B9JT7:1:1101:29232:139621:N:0:1;size=2;	ecbcc3bd709776326a720729ad74c020c160aa3a;Chlorella	100.000	313	0	0	1	313	1	313	4.75e-166	579
M02215:3:000000000-B9JT7:1:1101:3933:83701:N:0:1;size=2;	d92752cfdd8fd1a32b49db69adb3e1e7a3b4e8cc;Cyclotella	99.681	313	1	0	1	313	1	313	2.21e-164	573
M02215:3:000000000-B9JT7:1:1101:5480:113581:N:0:1;size=2;	882bcbeccf43f6ad24cd4dddc65e79df5feeaa78;Bathycoccus	99.107	336	3	0	1	336	1	336	7.77e-174	604
M02215:3:000000000-B9JT7:1:1101:7640:96851:N:0:1;size=16;	6f98e637735b187cd156c79b8f022a0bc63d5fc5;Micromonas	100.000	313	0	0	1	313	1	313	4.75e-166	579
M02215:3:000000000-B9JT7:1:1101:9072:57331:N:0:1;size=2;	12b98cb34776b20c1af3092b34deaa79d36c190a;Maculaura	99.684	316	1	0	1	316	1	316	4.61e-166	579
M02215:3:000000000-B9JT7:1:1101:9678:58031:N:0:1;size=2;	b57949f2759ef72fe986ab28e641f624ddef6661;Chordariaceae	100.000	313	0	0	1	313	1	313	4.75e-166	579
M02215:3:000000000-B9JT7:1:1102:10495:266611:N:0:1;size=2;	882bcbeccf43f6ad24cd4dddc65e79df5feeaa78;Bathycoccus	99.091	330	3	0	1	330	1	330	1.70e-170	593
M02215:3:000000000-B9JT7:1:1102:10915:64161:N:0:1;size=2;	d92752cfdd8fd1a32b49db69adb3e1e7a3b4e8cc;Cyclotella	99.681	313	1	0	1	313	1	313	2.21e-164	573
M02215:3:000000000-B9JT7:1:1102:13419:167841:N:0:1;size=2;	12b98cb34776b20c1af3092b34deaa79d36c190a;Maculaura	99.684	316	1	0	1	316	1	316	4.56e-166	579
M02215:3:000000000-B9JT7:1:1102:13577:103271:N:0:1;size=2;	a4c5abb6f8cf3f8e1f96fcd812149a53baef88bd;Micromonas	95.208	313	15	0	1	313	1	313	4.88e-141	496
M02215:3:000000000-B9JT7:1:1102:14510:168821:N:0:1;size=4;	74bd536a982117e99a75e40240e0e3b1b1f81a5c;Triparma	100.000	313	0	0	1	313	1	313	4.71e-166	579
M02215:3:000000000-B9JT7:1:1102:15411:253351:N:0:1;size=4;	a68693b3043b9d50a8c7e70db541da55c9a7d24d;Pseudocalanus	99.681	313	1	0	1	313	1	313	2.16e-164	573
M02215:3:000000000-B9JT7:1:1102:15804:249251:N:0:1;size=2;	f8cc939e969331c93d31ef139a62816b20d1e395;Phytophthora	100.000	313	0	0	1	313	1	313	4.75e-166	579
M02215:3:000000000-B9JT7:1:1102:16894:221151:N:0:1;size=2;	9ebd0bcbae3f4ee1f10ba13d858e85af17744e67;Homo	100.000	312	0	0	1	312	2	313	1.64e-165	577
M02215:3:000000000-B9JT7:1:1102:17715:265521:N:0:1;size=2;	f480326f0c6c82489d3b525d63ed3f6d1313807f;root	100.000	313	0	0	1	313	1	313	4.75e-166	579
M02215:3:000000000-B9JT7:1:1102:18598:31171:N:0:1;size=2;	74bd536a982117e99a75e40240e0e3b1b1f81a5c;Triparma	100.000	313	0	0	1	313	1	313	4.75e-166	579
M02215:3:000000000-B9JT7:1:1102:19010:251331:N:0:1;size=2;	882bcbeccf43f6ad24cd4dddc65e79df5feeaa78;Bathycoccus	99.091	330	3	0	1	330	1	330	1.68e-170	593
M02215:3:000000000-B9JT7:1:1102:19069:112371:N:0:1;size=2;	52ac6f8082f0cfa8b07863f388b5c15ef1ccb145;Micromonas	100.000	313	0	0	1	313	1	313	4.75e-166	579
M02215:3:000000000-B9JT7:1:1102:19241:62901:N:0:1;size=2;	882bcbeccf43f6ad24cd4dddc65e79df5feeaa78;Bathycoccus	98.480	329	5	0	2	330	2	330	1.32e-166	580
M02215:3:000000000-B9JT7:1:1102:19758:133021:N:0:1;size=2;	d92752cfdd8fd1a32b49db69adb3e1e7a3b4e8cc;Cyclotella	99.361	313	2	0	1	313	1	313	1.03e-162	568
M02215:3:000000000-B9JT7:1:1102:20122:111191:N:0:1;size=2;	14e21ec9b37d5162dc34cd67d5d5b38e896ff4af;Bathycoccus	100.000	313	0	0	1	313	1	313	4.75e-166	579
M02215:3:000000000-B9JT7:1:1102:21009:164391:N:0:1;size=2;	32162e451e12cdf5cf3628007e99b0efa1ba946b;Phaeocystis	100.000	313	0	0	1	313	1	313	4.52e-166	579
M02215:3:000000000-B9JT7:1:1102:21943:207501:N:0:1;size=2;	bc7798d3a55901fe59d6bb982bb5e6ab5a08c019;Holometabola	100.000	313	0	0	1	313	1	313	4.75e-166	579
M02215:3:000000000-B9JT7:1:1102:22007:158321:N:0:1;size=2;	b57949f2759ef72fe986ab28e641f624ddef6661;Chordariaceae	100.000	313	0	0	1	313	1	313	4.75e-166	579
M02215:3:000000000-B9JT7:1:1102:22635:148031:N:0:1;size=2;	12b98cb34776b20c1af3092b34deaa79d36c190a;Maculaura	99.684	316	1	0	1	316	1	316	4.80e-166	579
M02215:3:000000000-B9JT7:1:1102:26341:130331:N:0:1;size=2;	f8cc939e969331c93d31ef139a62816b20d1e395;Phytophthora	100.000	313	0	0	1	313	1	313	4.75e-166	579
M02215:3:000000000-B9JT7:1:1102:26485:70411:N:0:1;size=2;	b1a34b52e9dbe50cc0e7728a1c7595dcf1351f25;Littorina	100.000	313	0	0	1	313	1	313	4.75e-166	579
M02215:3:000000000-B9JT7:1:1102:28718:146921:N:0:1;size=2;	882bcbeccf43f6ad24cd4dddc65e79df5feeaa78;Bathycoccus	98.214	336	6	0	1	336	1	336	7.90e-169	588
M02215:3:000000000-B9JT7:1:1102:4572:151531:N:0:1;size=2;	b1a34b52e9dbe50cc0e7728a1c7595dcf1351f25;Littorina	100.000	313	0	0	1	313	1	313	4.75e-166	579
M02215:3:000000000-B9JT7:1:1102:4984:98471:N:0:1;size=2;	ad6dfc837550b177d564bf00ed25d8f0b9f77ea8;Pythium	100.000	313	0	0	1	313	1	313	4.75e-166	579
M02215:3:000000000-B9JT7:1:1102:5095:143431:N:0:1;size=2;	a68693b3043b9d50a8c7e70db541da55c9a7d24d;Pseudocalanus	99.681	313	1	0	1	313	1	313	2.21e-164	573
M02215:3:000000000-B9JT7:1:1102:6317:239911:N:0:1;size=4;	f8cc939e969331c93d31ef139a62816b20d1e395;Phytophthora	100.000	313	0	0	1	313	1	313	4.71e-166	579
M02215:3:000000000-B9JT7:1:1102:6584:225021:N:0:1;size=2;	dbcb76e1d0fba2cbbb336683406048a5aa2f5fce;Corynidae	100.000	313	0	0	1	313	1	313	4.75e-166	579
M02215:3:000000000-B9JT7:1:1102:7489:204921:N:0:1;size=4;	a68693b3043b9d50a8c7e70db541da55c9a7d24d;Pseudocalanus	99.681	313	1	0	1	313	1	313	2.21e-164	573
M02215:3:000000000-B9JT7:1:1102:8531:181761:N:0:1;size=2;	ecbcc3bd709776326a720729ad74c020c160aa3a;Chlorella	100.000	313	0	0	1	313	1	313	4.75e-166	579
M02215:3:000000000-B9JT7:1:1103:10962:161951:N:0:1;size=2;	ecbcc3bd709776326a720729ad74c020c160aa3a;Chlorella	99.013	304	3	0	10	313	10	313	4.51e-156	545
M02215:3:000000000-B9JT7:1:1103:11090:275601:N:0:1;size=2;	954c2d6a54f3a580cb8173b46bb5997143517f0e;Bathycoccus	92.628	312	23	0	2	313	2	313	3.80e-127	449
M02215:3:000000000-B9JT7:1:1103:15102:258121:N:0:1;size=2;	882bcbeccf43f6ad24cd4dddc65e79df5feeaa78;Bathycoccus	98.788	330	4	0	1	330	1	330	7.90e-169	588
M02215:3:000000000-B9JT7:1:1103:16032:189081:N:0:1;size=4;	f8cc939e969331c93d31ef139a62816b20d1e395;Phytophthora	100.000	313	0	0	1	313	1	313	4.65e-166	579
M02215:3:000000000-B9JT7:1:1103:16593:233051:N:0:1;size=2;	a68693b3043b9d50a8c7e70db541da55c9a7d24d;Pseudocalanus	99.681	313	1	0	1	313	1	313	2.21e-164	573
M02215:3:000000000-B9JT7:1:1103:17503:166791:N:0:1;size=2;	5ae1341da7ed3b29f88201563c85b12b0112a65a;Minutocellus	100.000	313	0	0	1	313	1	313	4.75e-166	579
M02215:3:000000000-B9JT7:1:1103:18296:38221:N:0:1;size=2;	a68693b3043b9d50a8c7e70db541da55c9a7d24d;Pseudocalanus	99.681	313	1	0	1	313	1	313	2.21e-164	573
M02215:3:000000000-B9JT7:1:1103:18583:152171:N:0:1;size=2;	74bd536a982117e99a75e40240e0e3b1b1f81a5c;Triparma	100.000	313	0	0	1	313	1	313	4.75e-166	579
M02215:3:000000000-B9JT7:1:1103:20209:62361:N:0:1;size=2;	6f98e637735b187cd156c79b8f022a0bc63d5fc5;Micromonas	100.000	313	0	0	1	313	1	313	4.71e-166	579
M02215:3:000000000-B9JT7:1:1103:20278:117481:N:0:1;size=2;	a4c5abb6f8cf3f8e1f96fcd812149a53baef88bd;Micromonas	99.361	313	2	0	1	313	1	313	1.01e-162	568
M02215:3:000000000-B9JT7:1:1103:22115:61371:N:0:1;size=2;	d92752cfdd8fd1a32b49db69adb3e1e7a3b4e8cc;Cyclotella	99.361	313	2	0	1	313	1	313	1.01e-162	568
M02215:3:000000000-B9JT7:1:1103:22831:187921:N:0:1;size=4;	6f98e637735b187cd156c79b8f022a0bc63d5fc5;Micromonas	100.000	313	0	0	1	313	1	313	4.75e-166	579
M02215:3:000000000-B9JT7:1:1103:22993:82761:N:0:1;size=2;	882bcbeccf43f6ad24cd4dddc65e79df5feeaa78;Bathycoccus	97.917	336	7	0	1	336	1	336	3.67e-167	582
M02215:3:000000000-B9JT7:1:1103:23148:98611:N:0:1;size=2;	a68693b3043b9d50a8c7e70db541da55c9a7d24d;Pseudocalanus	99.361	313	2	0	1	313	1	313	1.03e-162	568
M02215:3:000000000-B9JT7:1:1103:23799:164511:N:0:1;size=2;	d92752cfdd8fd1a32b49db69adb3e1e7a3b4e8cc;Cyclotella	99.361	313	2	0	1	313	1	313	1.03e-162	568
M02215:3:000000000-B9JT7:1:1103:2385:126591:N:0:1;size=2;	882bcbeccf43f6ad24cd4dddc65e79df5feeaa78;Bathycoccus	98.810	336	4	0	1	336	1	336	3.65e-172	599
M02215:3:000000000-B9JT7:1:1103:25842:132411:N:0:1;size=2;	a64ab751b69ad1c2dc45814951dd0b3fce5c88aa;Micromonas	100.000	312	0	0	2	313	2	313	1.71e-165	577
M02215:3:000000000-B9JT7:1:1103:25897:70251:N:0:1;size=2;	12b98cb34776b20c1af3092b34deaa79d36c190a;Maculaura	99.684	316	1	0	1	316	1	316	4.80e-166	579
M02215:3:000000000-B9JT7:1:1103:2622:123681:N:0:1;size=2;	882bcbeccf43f6ad24cd4dddc65e79df5feeaa78;Bathycoccus	98.810	336	4	0	1	336	1	336	3.65e-172	599
M02215:3:000000000-B9JT7:1:1103:26812:206551:N:0:1;size=2;	74bd536a982117e99a75e40240e0e3b1b1f81a5c;Triparma	100.000	313	0	0	1	313	1	313	4.75e-166	579
M02215:3:000000000-B9JT7:1:1103:2946:138541:N:0:1;size=2;	5ae1341da7ed3b29f88201563c85b12b0112a65a;Minutocellus	100.000	313	0	0	1	313	1	313	4.65e-166	579
M02215:3:000000000-B9JT7:1:1103:3622:90521:N:0:1;size=2;	a4c5abb6f8cf3f8e1f96fcd812149a53baef88bd;Micromonas	95.208	313	15	0	1	313	1	313	4.92e-141	496
M02215:3:000000000-B9JT7:1:1103:4626:138381:N:0:1;size=2;	12b98cb34776b20c1af3092b34deaa79d36c190a;Maculaura	99.684	316	1	0	1	316	1	316	4.80e-166	579
M02215:3:000000000-B9JT7:1:1103:5913:240251:N:0:1;size=2;	d92752cfdd8fd1a32b49db69adb3e1e7a3b4e8cc;Cyclotella	99.681	313	1	0	1	313	1	313	2.21e-164	573
M02215:3:000000000-B9JT7:1:1103:6107:167351:N:0:1;size=2;	f8cc939e969331c93d31ef139a62816b20d1e395;Phytophthora	100.000	313	0	0	1	313	1	313	4.75e-166	579
M02215:3:000000000-B9JT7:1:1103:7983:163881:N:0:1;size=2;	b1a34b52e9dbe50cc0e7728a1c7595dcf1351f25;Littorina	100.000	313	0	0	1	313	1	313	4.75e-166	579
M02215:3:000000000-B9JT7:1:1103:8456:182881:N:0:1;size=2;	74bd536a982117e99a75e40240e0e3b1b1f81a5c;Triparma	100.000	313	0	0	1	313	1	313	4.75e-166	579
M02215:3:000000000-B9JT7:1:1103:8666:79111:N:0:1;size=2;	a68693b3043b9d50a8c7e70db541da55c9a7d24d;Pseudocalanus	99.681	313	1	0	1	313	1	313	2.16e-164	573
M02215:3:000000000-B9JT7:1:1103:9718:145561:N:0:1;size=4;	14e21ec9b37d5162dc34cd67d5d5b38e896ff4af;Bathycoccus	100.000	313	0	0	1	313	1	313	4.71e-166	579
M02215:3:000000000-B9JT7:1:1104:11044:201791:N:0:1;size=4;	882bcbeccf43f6ad24cd4dddc65e79df5feeaa78;Bathycoccus	97.917	336	7	0	1	336	1	336	3.60e-167	582
M02215:3:000000000-B9JT7:1:1104:12161:72471:N:0:1;size=2;	a4c5abb6f8cf3f8e1f96fcd812149a53baef88bd;Micromonas	99.361	313	2	0	1	313	1	313	1.01e-162	568
M02215:3:000000000-B9JT7:1:1104:14157:161381:N:0:1;size=2;	a64ab751b69ad1c2dc45814951dd0b3fce5c88aa;Micromonas	100.000	297	0	0	1	297	1	297	3.73e-157	549
M02215:3:000000000-B9JT7:1:1104:14973:51551:N:0:1;size=2;	12b98cb34776b20c1af3092b34deaa79d36c190a;Maculaura	99.684	316	1	0	1	316	1	316	4.61e-166	579
M02215:3:000000000-B9JT7:1:1104:15470:228421:N:0:1;size=2;	9ebd0bcbae3f4ee1f10ba13d858e85af17744e67;Homo	100.000	313	0	0	1	313	1	313	4.75e-166	579
M02215:3:000000000-B9JT7:1:1104:15667:183741:N:0:1;size=2;	b1a34b52e9dbe50cc0e7728a1c7595dcf1351f25;Littorina	100.000	313	0	0	1	313	1	313	4.75e-166	579
M02215:3:000000000-B9JT7:1:1104:15814:243311:N:0:1;size=2;	12b98cb34776b20c1af3092b34deaa79d36c190a;Maculaura	99.684	316	1	0	1	316	1	316	4.80e-166	579
M02215:3:000000000-B9JT7:1:1104:16566:21611:N:0:1;size=2;	882bcbeccf43f6ad24cd4dddc65e79df5feeaa78;Bathycoccus	98.214	336	6	0	1	336	1	336	7.90e-169	588
M02215:3:000000000-B9JT7:1:1104:19904:184201:N:0:1;size=2;	12b98cb34776b20c1af3092b34deaa79d36c190a;Maculaura	99.684	316	1	0	1	316	1	316	4.80e-166	579
M02215:3:000000000-B9JT7:1:1104:20858:116261:N:0:1;size=2;	12b98cb34776b20c1af3092b34deaa79d36c190a;Maculaura	99.684	316	1	0	1	316	1	316	4.80e-166	579
M02215:3:000000000-B9JT7:1:1104:22184:102961:N:0:1;size=2;	74bd536a982117e99a75e40240e0e3b1b1f81a5c;Triparma	100.000	313	0	0	1	313	1	313	4.75e-166	579
M02215:3:000000000-B9JT7:1:1104:22230:213551:N:0:1;size=2;	e64f574c4605dc812aceebd1d2a7d4607f42bd4d;Phytophthora	100.000	313	0	0	1	313	1	313	4.75e-166	579
M02215:3:000000000-B9JT7:1:1104:23070:103991:N:0:1;size=2;	882bcbeccf43f6ad24cd4dddc65e79df5feeaa78;Bathycoccus	98.810	336	4	0	1	336	1	336	3.65e-172	599
M02215:3:000000000-B9JT7:1:1104:24242:82951:N:0:1;size=2;	b1a34b52e9dbe50cc0e7728a1c7595dcf1351f25;Littorina	100.000	313	0	0	1	313	1	313	4.75e-166	579
M02215:3:000000000-B9JT7:1:1104:24461:81421:N:0:1;size=2;	d92752cfdd8fd1a32b49db69adb3e1e7a3b4e8cc;Cyclotella	99.681	313	1	0	1	313	1	313	2.21e-164	573
M02215:3:000000000-B9JT7:1:1104:25011:99771:N:0:1;size=2;	32162e451e12cdf5cf3628007e99b0efa1ba946b;Phaeocystis	100.000	313	0	0	1	313	1	313	4.75e-166	579
M02215:3:000000000-B9JT7:1:1104:25373:105771:N:0:1;size=4;	f8cc939e969331c93d31ef139a62816b20d1e395;Phytophthora	100.000	313	0	0	1	313	1	313	4.75e-166	579
M02215:3:000000000-B9JT7:1:1104:25829:200121:N:0:1;size=2;	ecbcc3bd709776326a720729ad74c020c160aa3a;Chlorella	100.000	313	0	0	1	313	1	313	4.75e-166	579
M02215:3:000000000-B9JT7:1:1104:25944:192401:N:0:1;size=2;	882bcbeccf43f6ad24cd4dddc65e79df5feeaa78;Bathycoccus	98.512	336	5	0	1	336	1	336	1.70e-170	593
M02215:3:000000000-B9JT7:1:1104:6416:121351:N:0:1;size=2;	a64ab751b69ad1c2dc45814951dd0b3fce5c88aa;Micromonas	100.000	312	0	0	2	313	2	313	1.71e-165	577
M02215:3:000000000-B9JT7:1:1104:7105:72121:N:0:1;size=2;	74bd536a982117e99a75e40240e0e3b1b1f81a5c;Triparma	100.000	313	0	0	1	313	1	313	4.75e-166	579
M02215:3:000000000-B9JT7:1:1104:9009:64821:N:0:1;size=2;	882bcbeccf43f6ad24cd4dddc65e79df5feeaa78;Bathycoccus	99.398	332	1	1	1	332	1	331	1.01e-172	601
M02215:3:000000000-B9JT7:1:1105:10265:42941:N:0:1;size=2;	ecadcd6b0b6c6a7f5622d08644b3f8c8bae22905;Micromonas	96.296	270	10	0	44	313	44	313	1.81e-125	444
M02215:3:000000000-B9JT7:1:1105:10494:52901:N:0:1;size=2;	b1a34b52e9dbe50cc0e7728a1c7595dcf1351f25;Littorina	100.000	313	0	0	1	313	1	313	4.75e-166	579
M02215:3:000000000-B9JT7:1:1105:12268:281381:N:0:1;size=2;	882bcbeccf43f6ad24cd4dddc65e79df5feeaa78;Bathycoccus	97.917	336	7	0	1	336	1	336	3.67e-167	582
M02215:3:000000000-B9JT7:1:1105:12355:78611:N:0:1;size=4;	74bd536a982117e99a75e40240e0e3b1b1f81a5c;Triparma	100.000	313	0	0	1	313	1	313	4.75e-166	579
M02215:3:000000000-B9JT7:1:1105:13579:144421:N:0:1;size=4;	d92752cfdd8fd1a32b49db69adb3e1e7a3b4e8cc;Cyclotella	99.681	313	1	0	1	313	1	313	2.21e-164	573
M02215:3:000000000-B9JT7:1:1105:14567:232071:N:0:1;size=8;	6f98e637735b187cd156c79b8f022a0bc63d5fc5;Micromonas	100.000	313	0	0	1	313	1	313	4.75e-166	579
M02215:3:000000000-B9JT7:1:1105:14650:201511:N:0:1;size=2;	dbcb76e1d0fba2cbbb336683406048a5aa2f5fce;Corynidae	100.000	313	0	0	1	313	1	313	4.75e-166	579
M02215:3:000000000-B9JT7:1:1105:15683:216231:N:0:1;size=4;	dbcb76e1d0fba2cbbb336683406048a5aa2f5fce;Corynidae	100.000	313	0	0	1	313	1	313	4.65e-166	579
M02215:3:000000000-B9JT7:1:1105:16762:183981:N:0:1;size=2;	12b98cb34776b20c1af3092b34deaa79d36c190a;Maculaura	99.684	316	1	0	1	316	1	316	4.80e-166	579
M02215:3:000000000-B9JT7:1:1105:18632:181201:N:0:1;size=2;	d92752cfdd8fd1a32b49db69adb3e1e7a3b4e8cc;Cyclotella	99.361	313	2	0	1	313	1	313	1.02e-162	568
M02215:3:000000000-B9JT7:1:1105:18701:191921:N:0:1;size=2;	f8cc939e969331c93d31ef139a62816b20d1e395;Phytophthora	100.000	313	0	0	1	313	1	313	4.75e-166	579
M02215:3:000000000-B9JT7:1:1105:19231:44021:N:0:1;size=2;	882bcbeccf43f6ad24cd4dddc65e79df5feeaa78;Bathycoccus	99.091	330	3	0	1	330	1	330	1.70e-170	593
M02215:3:000000000-B9JT7:1:1105:23064:109931:N:0:1;size=2;	12b98cb34776b20c1af3092b34deaa79d36c190a;Maculaura	99.684	316	1	0	1	316	1	316	4.80e-166	579
M02215:3:000000000-B9JT7:1:1105:24611:81871:N:0:1;size=2;	b1a34b52e9dbe50cc0e7728a1c7595dcf1351f25;Littorina	100.000	313	0	0	1	313	1	313	4.65e-166	579
M02215:3:000000000-B9JT7:1:1105:25779:120121:N:0:1;size=2;	a4c5abb6f8cf3f8e1f96fcd812149a53baef88bd;Micromonas	99.361	313	2	0	1	313	1	313	9.60e-163	568
M02215:3:000000000-B9JT7:1:1105:27118:74351:N:0:1;size=2;	74bd536a982117e99a75e40240e0e3b1b1f81a5c;Triparma	100.000	313	0	0	1	313	1	313	4.75e-166	579
M02215:3:000000000-B9JT7:1:1105:27554:96791:N:0:1;size=2;	a4c5abb6f8cf3f8e1f96fcd812149a53baef88bd;Micromonas	96.805	313	10	0	1	313	1	313	2.26e-149	523
M02215:3:000000000-B9JT7:1:1105:4146:148301:N:0:1;size=2;	ecbcc3bd709776326a720729ad74c020c160aa3a;Chlorella	99.681	313	1	0	1	313	1	313	2.10e-164	573
M02215:3:000000000-B9JT7:1:1105:4664:104001:N:0:1;size=2;	882bcbeccf43f6ad24cd4dddc65e79df5feeaa78;Bathycoccus	98.810	336	4	0	1	336	1	336	3.65e-172	599
M02215:3:000000000-B9JT7:1:1105:5761:196541:N:0:1;size=2;	882bcbeccf43f6ad24cd4dddc65e79df5feeaa78;Bathycoccus	98.214	336	6	0	1	336	1	336	7.63e-169	588
M02215:3:000000000-B9JT7:1:1105:6164:96421:N:0:1;size=2;	f8cc939e969331c93d31ef139a62816b20d1e395;Phytophthora	100.000	313	0	0	1	313	1	313	4.75e-166	579
M02215:3:000000000-B9JT7:1:1105:8913:126251:N:0:1;size=4;	882bcbeccf43f6ad24cd4dddc65e79df5feeaa78;Bathycoccus	98.193	332	5	1	1	332	1	331	4.75e-166	579
M02215:3:000000000-B9JT7:1:1106:10293:190861:N:0:1;size=2;	ecbcc3bd709776326a720729ad74c020c160aa3a;Chlorella	100.000	313	0	0	2	314	1	313	4.77e-166	579
M02215:3:000000000-B9JT7:1:1106:13057:224651:N:0:1;size=2;	f8cc939e969331c93d31ef139a62816b20d1e395;Phytophthora	100.000	313	0	0	1	313	1	313	4.75e-166	579
M02215:3:000000000-B9JT7:1:1106:13142:100651:N:0:1;size=2;	882bcbeccf43f6ad24cd4dddc65e79df5feeaa78;Bathycoccus	99.398	332	1	1	1	332	1	331	1.01e-172	601
M02215:3:000000000-B9JT7:1:1106:13146:202071:N:0:1;size=2;	ecbcc3bd709776326a720729ad74c020c160aa3a;Chlorella	99.013	304	3	0	10	313	10	313	4.82e-156	545
M02215:3:000000000-B9JT7:1:1106:15354:45281:N:0:1;size=2;	882bcbeccf43f6ad24cd4dddc65e79df5feeaa78;Bathycoccus	97.941	340	7	0	1	340	1	340	2.20e-169	590
M02215:3:000000000-B9JT7:1:1106:15490:264361:N:0:1;size=2;	52ac6f8082f0cfa8b07863f388b5c15ef1ccb145;Micromonas	100.000	313	0	0	1	313	1	313	4.75e-166	579
M02215:3:000000000-B9JT7:1:1106:18758:70771:N:0:1;size=2;	135564e9c33f7abcb19bbdbfc571af0ea2c77f82;Pedospumella	100.000	313	0	0	1	313	1	313	4.75e-166	579
M02215:3:000000000-B9JT7:1:1106:18796:120091:N:0:1;size=2;	a64ab751b69ad1c2dc45814951dd0b3fce5c88aa;Micromonas	100.000	312	0	0	2	313	2	313	1.71e-165	577
M02215:3:000000000-B9JT7:1:1106:20142:111971:N:0:1;size=4;	a64ab751b69ad1c2dc45814951dd0b3fce5c88aa;Micromonas	100.000	313	0	0	1	313	1	313	4.56e-166	579
M02215:3:000000000-B9JT7:1:1106:20601:156131:N:0:1;size=2;	b57949f2759ef72fe986ab28e641f624ddef6661;Chordariaceae	100.000	313	0	0	1	313	1	313	4.75e-166	579
M02215:3:000000000-B9JT7:1:1106:21182:71581:N:0:1;size=4;	74bd536a982117e99a75e40240e0e3b1b1f81a5c;Triparma	100.000	313	0	0	1	313	1	313	4.75e-166	579
M02215:3:000000000-B9JT7:1:1106:2361:132111:N:0:1;size=2;	d92752cfdd8fd1a32b49db69adb3e1e7a3b4e8cc;Cyclotella	99.681	313	1	0	1	313	1	313	2.11e-164	573
M02215:3:000000000-B9JT7:1:1106:24049:237361:N:0:1;size=4;	882bcbeccf43f6ad24cd4dddc65e79df5feeaa78;Bathycoccus	98.802	334	4	0	1	334	3	336	4.69e-171	595
M02215:3:000000000-B9JT7:1:1106:24190:251601:N:0:1;size=2;	9c53914905c617460d9bd49c101ce533973cc1c0;Simuliidae	100.000	313	0	0	1	313	1	313	4.75e-166	579
M02215:3:000000000-B9JT7:1:1106:25298:237181:N:0:1;size=2;	d92752cfdd8fd1a32b49db69adb3e1e7a3b4e8cc;Cyclotella	99.681	313	1	0	1	313	1	313	2.21e-164	573
M02215:3:000000000-B9JT7:1:1106:26540:127421:N:0:1;size=2;	882bcbeccf43f6ad24cd4dddc65e79df5feeaa78;Bathycoccus	97.917	336	7	0	1	336	1	336	3.67e-167	582
M02215:3:000000000-B9JT7:1:1106:5640:84021:N:0:1;size=2;	12b98cb34776b20c1af3092b34deaa79d36c190a;Maculaura	99.684	316	1	0	1	316	1	316	4.80e-166	579
M02215:3:000000000-B9JT7:1:1106:7382:173481:N:0:1;size=2;	d92752cfdd8fd1a32b49db69adb3e1e7a3b4e8cc;Cyclotella	99.681	313	1	0	1	313	1	313	2.21e-164	573
M02215:3:000000000-B9JT7:1:1106:8196:93361:N:0:1;size=2;	f8cc939e969331c93d31ef139a62816b20d1e395;Phytophthora	100.000	313	0	0	1	313	1	313	4.65e-166	579
M02215:3:000000000-B9JT7:1:1106:9865:156591:N:0:1;size=2;	d92752cfdd8fd1a32b49db69adb3e1e7a3b4e8cc;Cyclotella	99.361	313	2	0	1	313	1	313	1.03e-162	568
M02215:3:000000000-B9JT7:1:1107:11863:242641:N:0:1;size=8;	b1a34b52e9dbe50cc0e7728a1c7595dcf1351f25;Littorina	100.000	313	0	0	1	313	1	313	4.65e-166	579
M02215:3:000000000-B9JT7:1:1107:13590:215011:N:0:1;size=2;	b1a34b52e9dbe50cc0e7728a1c7595dcf1351f25;Littorina	100.000	313	0	0	1	313	1	313	4.75e-166	579
M02215:3:000000000-B9JT7:1:1107:16005:243481:N:0:1;size=4;	d92752cfdd8fd1a32b49db69adb3e1e7a3b4e8cc;Cyclotella	99.681	313	1	0	1	313	1	313	2.21e-164	573
M02215:3:000000000-B9JT7:1:1107:17339:117921:N:0:1;size=2;	b1a34b52e9dbe50cc0e7728a1c7595dcf1351f25;Littorina	100.000	313	0	0	1	313	1	313	4.75e-166	579
M02215:3:000000000-B9JT7:1:1107:18013:39921:N:0:1;size=2;	882bcbeccf43f6ad24cd4dddc65e79df5feeaa78;Bathycoccus	98.214	336	6	0	1	336	1	336	7.90e-169	588
M02215:3:000000000-B9JT7:1:1107:19412:209261:N:0:1;size=2;	d92752cfdd8fd1a32b49db69adb3e1e7a3b4e8cc;Cyclotella	99.361	313	2	0	1	313	1	313	1.03e-162	568
M02215:3:000000000-B9JT7:1:1107:20403:276461:N:0:1;size=2;	882bcbeccf43f6ad24cd4dddc65e79df5feeaa78;Bathycoccus	99.107	336	3	0	1	336	1	336	7.84e-174	604
M02215:3:000000000-B9JT7:1:1107:2157:145591:N:0:1;size=2;	14e21ec9b37d5162dc34cd67d5d5b38e896ff4af;Bathycoccus	100.000	313	0	0	1	313	1	313	4.75e-166	579
M02215:3:000000000-B9JT7:1:1107:23903:236881:N:0:1;size=2;	6f98e637735b187cd156c79b8f022a0bc63d5fc5;Micromonas	100.000	313	0	0	1	313	1	313	4.75e-166	579
M02215:3:000000000-B9JT7:1:1107:25732:69241:N:0:1;size=2;	b1a34b52e9dbe50cc0e7728a1c7595dcf1351f25;Littorina	100.000	313	0	0	1	313	1	313	4.75e-166	579
M02215:3:000000000-B9JT7:1:1107:3909:95001:N:0:1;size=2;	74bd536a982117e99a75e40240e0e3b1b1f81a5c;Triparma	100.000	313	0	0	1	313	1	313	4.75e-166	579
M02215:3:000000000-B9JT7:1:1107:6222:253281:N:0:1;size=2;	d92752cfdd8fd1a32b49db69adb3e1e7a3b4e8cc;Cyclotella	99.681	313	1	0	1	313	1	313	2.21e-164	573
M02215:3:000000000-B9JT7:1:1107:7690:127471:N:0:1;size=2;	d92752cfdd8fd1a32b49db69adb3e1e7a3b4e8cc;Cyclotella	99.681	313	1	0	1	313	1	313	2.21e-164	573
M02215:3:000000000-B9JT7:1:1107:7771:95351:N:0:1;size=4;	6f98e637735b187cd156c79b8f022a0bc63d5fc5;Micromonas	100.000	313	0	0	1	313	1	313	4.65e-166	579
M02215:3:000000000-B9JT7:1:1107:8129:116751:N:0:1;size=2;	f8cc939e969331c93d31ef139a62816b20d1e395;Phytophthora	100.000	313	0	0	1	313	1	313	4.75e-166	579
M02215:3:000000000-B9JT7:1:1107:8385:45321:N:0:1;size=4;	f480326f0c6c82489d3b525d63ed3f6d1313807f;root	100.000	313	0	0	1	313	1	313	4.75e-166	579
M02215:3:000000000-B9JT7:1:1108:11893:71701:N:0:1;size=2;	882bcbeccf43f6ad24cd4dddc65e79df5feeaa78;Bathycoccus	98.193	332	5	1	1	332	1	331	4.75e-166	579
M02215:3:000000000-B9JT7:1:1108:12304:142141:N:0:1;size=2;	a64ab751b69ad1c2dc45814951dd0b3fce5c88aa;Micromonas	100.000	313	0	0	1	313	1	313	4.75e-166	579
M02215:3:000000000-B9JT7:1:1108:13606:27301:N:0:1;size=4;	d92752cfdd8fd1a32b49db69adb3e1e7a3b4e8cc;Cyclotella	99.681	313	1	0	1	313	1	313	2.21e-164	573
M02215:3:000000000-B9JT7:1:1108:15071:79001:N:0:1;size=2;	882bcbeccf43f6ad24cd4dddc65e79df5feeaa78;Bathycoccus	99.091	330	3	0	1	330	1	330	1.70e-170	593
M02215:3:000000000-B9JT7:1:1108:15256:143111:N:0:1;size=2;	12b98cb34776b20c1af3092b34deaa79d36c190a;Maculaura	99.684	316	1	0	1	316	1	316	4.80e-166	579
M02215:3:000000000-B9JT7:1:1108:17387:248181:N:0:1;size=2;	882bcbeccf43f6ad24cd4dddc65e79df5feeaa78;Bathycoccus	98.512	336	5	0	1	336	1	336	1.70e-170	593
M02215:3:000000000-B9JT7:1:1108:17798:29041:N:0:1;size=2;	32162e451e12cdf5cf3628007e99b0efa1ba946b;Phaeocystis	100.000	313	0	0	1	313	1	313	4.46e-166	579
M02215:3:000000000-B9JT7:1:1108:18779:203681:N:0:1;size=2;	d92752cfdd8fd1a32b49db69adb3e1e7a3b4e8cc;Cyclotella	99.681	313	1	0	1	313	1	313	2.21e-164	573
M02215:3:000000000-B9JT7:1:1108:18961:219971:N:0:1;size=2;	882bcbeccf43f6ad24cd4dddc65e79df5feeaa78;Bathycoccus	99.091	330	3	0	1	330	1	330	1.70e-170	593
M02215:3:000000000-B9JT7:1:1108:20197:77201:N:0:1;size=2;	f8cc939e969331c93d31ef139a62816b20d1e395;Phytophthora	100.000	313	0	0	1	313	1	313	4.75e-166	579
M02215:3:000000000-B9JT7:1:1108:21357:186691:N:0:1;size=2;	882bcbeccf43f6ad24cd4dddc65e79df5feeaa78;Bathycoccus	98.512	336	5	0	1	336	1	336	1.68e-170	593
M02215:3:000000000-B9JT7:1:1108:22748:246571:N:0:1;size=2;	74bd536a982117e99a75e40240e0e3b1b1f81a5c;Triparma	100.000	313	0	0	1	313	1	313	4.75e-166	579
M02215:3:000000000-B9JT7:1:1108:22778:260361:N:0:1;size=2;	882bcbeccf43f6ad24cd4dddc65e79df5feeaa78;Bathycoccus	98.529	340	5	0	1	340	1	340	1.01e-172	601
M02215:3:000000000-B9JT7:1:1108:23582:146441:N:0:1;size=2;	d3f645d099a7147be9e4f8269b25b28c5f45a2f9;Florenciella	100.000	313	0	0	1	313	1	313	4.75e-166	579
M02215:3:000000000-B9JT7:1:1108:25187:196831:N:0:1;size=2;	882bcbeccf43f6ad24cd4dddc65e79df5feeaa78;Bathycoccus	98.810	336	4	0	1	336	1	336	3.65e-172	599
M02215:3:000000000-B9JT7:1:1108:25859:107731:N:0:1;size=2;	ecbcc3bd709776326a720729ad74c020c160aa3a;Chlorella	100.000	313	0	0	1	313	1	313	4.75e-166	579
M02215:3:000000000-B9JT7:1:1108:26175:199741:N:0:1;size=2;	12b98cb34776b20c1af3092b34deaa79d36c190a;Maculaura	99.684	316	1	0	1	316	1	316	4.80e-166	579
M02215:3:000000000-B9JT7:1:1108:26971:125741:N:0:1;size=2;	f8cc939e969331c93d31ef139a62816b20d1e395;Phytophthora	100.000	313	0	0	1	313	1	313	4.75e-166	579
M02215:3:000000000-B9JT7:1:1108:5836:143701:N:0:1;size=2;	a64ab751b69ad1c2dc45814951dd0b3fce5c88aa;Micromonas	100.000	312	0	0	2	313	2	313	1.71e-165	577
M02215:3:000000000-B9JT7:1:1108:6376:95501:N:0:1;size=2;	12b98cb34776b20c1af3092b34deaa79d36c190a;Maculaura	99.684	316	1	0	1	316	1	316	4.80e-166	579
M02215:3:000000000-B9JT7:1:1108:7373:52021:N:0:1;size=2;	74bd536a982117e99a75e40240e0e3b1b1f81a5c;Triparma	100.000	313	0	0	1	313	1	313	4.75e-166	579
M02215:3:000000000-B9JT7:1:1108:7425:188971:N:0:1;size=4;	f8cc939e969331c93d31ef139a62816b20d1e395;Phytophthora	100.000	313	0	0	1	313	1	313	4.52e-166	579
M02215:3:000000000-B9JT7:1:1108:8151:137881:N:0:1;size=2;	135564e9c33f7abcb19bbdbfc571af0ea2c77f82;Pedospumella	100.000	313	0	0	1	313	1	313	4.75e-166	579
M02215:3:000000000-B9JT7:1:1108:8405:35401:N:0:1;size=2;	12b98cb34776b20c1af3092b34deaa79d36c190a;Maculaura	99.684	316	1	0	1	316	1	316	4.80e-166	579
M02215:3:000000000-B9JT7:1:1108:8714:95141:N:0:1;size=2;	74bd536a982117e99a75e40240e0e3b1b1f81a5c;Triparma	100.000	313	0	0	1	313	1	313	4.56e-166	579
M02215:3:000000000-B9JT7:1:1109:11510:34741:N:0:1;size=4;	d92752cfdd8fd1a32b49db69adb3e1e7a3b4e8cc;Cyclotella	99.681	313	1	0	1	313	1	313	2.21e-164	573
M02215:3:000000000-B9JT7:1:1109:11525:235301:N:0:1;size=2;	12b98cb34776b20c1af3092b34deaa79d36c190a;Maculaura	99.684	316	1	0	1	316	1	316	4.80e-166	579
M02215:3:000000000-B9JT7:1:1109:11926:22521:N:0:1;size=2;	b1a34b52e9dbe50cc0e7728a1c7595dcf1351f25;Littorina	100.000	313	0	0	1	313	1	313	4.75e-166	579
M02215:3:000000000-B9JT7:1:1109:12220:172591:N:0:1;size=2;	882bcbeccf43f6ad24cd4dddc65e79df5feeaa78;Bathycoccus	98.193	332	5	1	1	332	1	331	4.75e-166	579
M02215:3:000000000-B9JT7:1:1109:12637:203201:N:0:1;size=2;	12b98cb34776b20c1af3092b34deaa79d36c190a;Maculaura	99.684	316	1	0	1	316	1	316	4.80e-166	579
M02215:3:000000000-B9JT7:1:1109:14533:61681:N:0:1;size=2;	32162e451e12cdf5cf3628007e99b0efa1ba946b;Phaeocystis	100.000	313	0	0	1	313	1	313	4.75e-166	579
M02215:3:000000000-B9JT7:1:1109:14966:166131:N:0:1;size=2;	a64ab751b69ad1c2dc45814951dd0b3fce5c88aa;Micromonas	100.000	297	0	0	1	297	1	297	3.73e-157	549
M02215:3:000000000-B9JT7:1:1109:15943:272281:N:0:1;size=2;	d92752cfdd8fd1a32b49db69adb3e1e7a3b4e8cc;Cyclotella	99.681	313	1	0	1	313	1	313	2.21e-164	573
M02215:3:000000000-B9JT7:1:1109:16424:90091:N:0:1;size=2;	b1a34b52e9dbe50cc0e7728a1c7595dcf1351f25;Littorina	100.000	313	0	0	1	313	1	313	4.75e-166	579
M02215:3:000000000-B9JT7:1:1109:19145:233791:N:0:1;size=2;	14e21ec9b37d5162dc34cd67d5d5b38e896ff4af;Bathycoccus	100.000	313	0	0	1	313	1	313	4.43e-166	579
M02215:3:000000000-B9JT7:1:1109:19315:195551:N:0:1;size=2;	882bcbeccf43f6ad24cd4dddc65e79df5feeaa78;Bathycoccus	98.795	332	3	1	1	332	1	331	2.20e-169	590
M02215:3:000000000-B9JT7:1:1109:20651:71781:N:0:1;size=2;	12b98cb34776b20c1af3092b34deaa79d36c190a;Maculaura	99.684	316	1	0	1	316	1	316	4.80e-166	579
M02215:3:000000000-B9JT7:1:1109:24321:83801:N:0:1;size=2;	b1a34b52e9dbe50cc0e7728a1c7595dcf1351f25;Littorina	100.000	313	0	0	1	313	1	313	4.75e-166	579
M02215:3:000000000-B9JT7:1:1109:4819:136991:N:0:1;size=2;	c97e203113b40b77e44612c1d6e835474a9ddfac;Bathycoccus	100.000	313	0	0	1	313	1	313	4.43e-166	579
M02215:3:000000000-B9JT7:1:1110:10601:101601:N:0:1;size=2;	d92752cfdd8fd1a32b49db69adb3e1e7a3b4e8cc;Cyclotella	99.361	313	2	0	1	313	1	313	1.03e-162	568
M02215:3:000000000-B9JT7:1:1110:12219:161451:N:0:1;size=2;	882bcbeccf43f6ad24cd4dddc65e79df5feeaa78;Bathycoccus	98.494	332	4	1	1	332	1	331	1.02e-167	584
M02215:3:000000000-B9JT7:1:1110:12603:210591:N:0:1;size=2;	dbcb76e1d0fba2cbbb336683406048a5aa2f5fce;Corynidae	100.000	313	0	0	1	313	1	313	4.75e-166	579
M02215:3:000000000-B9JT7:1:1110:14196:173091:N:0:1;size=2;	f8cc939e969331c93d31ef139a62816b20d1e395;Phytophthora	100.000	313	0	0	1	313	1	313	4.75e-166	579
M02215:3:000000000-B9JT7:1:1110:16349:218261:N:0:1;size=2;	882bcbeccf43f6ad24cd4dddc65e79df5feeaa78;Bathycoccus	99.085	328	3	0	1	328	3	330	2.18e-169	590
M02215:3:000000000-B9JT7:1:1110:16479:35941:N:0:1;size=2;	d92752cfdd8fd1a32b49db69adb3e1e7a3b4e8cc;Cyclotella	99.681	313	1	0	1	313	1	313	2.21e-164	573
M02215:3:000000000-B9JT7:1:1110:16981:25981:N:0:1;size=2;	882bcbeccf43f6ad24cd4dddc65e79df5feeaa78;Bathycoccus	98.512	336	4	1	1	335	1	336	6.09e-170	592
M02215:3:000000000-B9JT7:1:1110:17610:202421:N:0:1;size=2;	12b98cb34776b20c1af3092b34deaa79d36c190a;Maculaura	99.684	316	1	0	2	317	1	316	4.81e-166	579
M02215:3:000000000-B9JT7:1:1110:20084:255021:N:0:1;size=2;	d92752cfdd8fd1a32b49db69adb3e1e7a3b4e8cc;Cyclotella	99.681	313	1	0	1	313	1	313	2.21e-164	573
M02215:3:000000000-B9JT7:1:1110:20566:201541:N:0:1;size=2;	a68693b3043b9d50a8c7e70db541da55c9a7d24d;Pseudocalanus	99.361	313	2	0	1	313	1	313	1.03e-162	568
M02215:3:000000000-B9JT7:1:1110:22493:187511:N:0:1;size=2;	74bd536a982117e99a75e40240e0e3b1b1f81a5c;Triparma	100.000	313	0	0	1	313	1	313	4.75e-166	579
M02215:3:000000000-B9JT7:1:1110:22668:116771:N:0:1;size=2;	882bcbeccf43f6ad24cd4dddc65e79df5feeaa78;Bathycoccus	98.485	330	5	0	1	330	1	330	3.67e-167	582
M02215:3:000000000-B9JT7:1:1110:22918:187491:N:0:1;size=2;	12b98cb34776b20c1af3092b34deaa79d36c190a;Maculaura	99.684	316	1	0	1	316	1	316	4.80e-166	579
M02215:3:000000000-B9JT7:1:1110:24693:258391:N:0:1;size=2;	32162e451e12cdf5cf3628007e99b0efa1ba946b;Phaeocystis	100.000	313	0	0	1	313	1	313	4.75e-166	579
M02215:3:000000000-B9JT7:1:1110:5282:126491:N:0:1;size=2;	14e21ec9b37d5162dc34cd67d5d5b38e896ff4af;Bathycoccus	100.000	313	0	0	1	313	1	313	4.75e-166	579
M02215:3:000000000-B9JT7:1:1110:6000:156841:N:0:1;size=2;	a64ab751b69ad1c2dc45814951dd0b3fce5c88aa;Micromonas	99.679	312	1	0	2	313	2	313	7.95e-164	571
M02215:3:000000000-B9JT7:1:1111:10448:33621:N:0:1;size=2;	12b98cb34776b20c1af3092b34deaa79d36c190a;Maculaura	99.684	316	1	0	1	316	1	316	4.48e-166	579
M02215:3:000000000-B9JT7:1:1111:10938:136211:N:0:1;size=2;	a64ab751b69ad1c2dc45814951dd0b3fce5c88aa;Micromonas	100.000	297	0	0	1	297	1	297	3.73e-157	549
M02215:3:000000000-B9JT7:1:1111:10992:135671:N:0:1;size=2;	a64ab751b69ad1c2dc45814951dd0b3fce5c88aa;Micromonas	100.000	313	0	0	1	313	1	313	4.75e-166	579
M02215:3:000000000-B9JT7:1:1111:13451:162921:N:0:1;size=2;	ea5d4731b60baeec6fb097844ee87a92f197afba;Dytiscidae	100.000	313	0	0	1	313	1	313	4.75e-166	579
M02215:3:000000000-B9JT7:1:1111:13889:173701:N:0:1;size=4;	ecbcc3bd709776326a720729ad74c020c160aa3a;Chlorella	100.000	313	0	0	1	313	1	313	4.75e-166	579
M02215:3:000000000-B9JT7:1:1111:15608:276701:N:0:1;size=2;	6f98e637735b187cd156c79b8f022a0bc63d5fc5;Micromonas	100.000	313	0	0	1	313	1	313	4.75e-166	579
M02215:3:000000000-B9JT7:1:1111:15909:154111:N:0:1;size=2;	32162e451e12cdf5cf3628007e99b0efa1ba946b;Phaeocystis	100.000	313	0	0	1	313	1	313	4.75e-166	579
M02215:3:000000000-B9JT7:1:1111:16056:237301:N:0:1;size=2;	954c2d6a54f3a580cb8173b46bb5997143517f0e;Bathycoccus	92.628	312	23	0	2	313	2	313	3.89e-127	449
M02215:3:000000000-B9JT7:1:1111:16631:267561:N:0:1;size=2;	74bd536a982117e99a75e40240e0e3b1b1f81a5c;Triparma	100.000	313	0	0	1	313	1	313	4.75e-166	579
M02215:3:000000000-B9JT7:1:1111:17376:176731:N:0:1;size=2;	b1a34b52e9dbe50cc0e7728a1c7595dcf1351f25;Littorina	100.000	313	0	0	1	313	1	313	4.75e-166	579
M02215:3:000000000-B9JT7:1:1111:17674:261851:N:0:1;size=2;	a64ab751b69ad1c2dc45814951dd0b3fce5c88aa;Micromonas	100.000	312	0	0	2	313	2	313	1.71e-165	577
M02215:3:000000000-B9JT7:1:1111:18119:287991:N:0:1;size=2;	882bcbeccf43f6ad24cd4dddc65e79df5feeaa78;Bathycoccus	99.091	330	3	0	1	330	1	330	1.70e-170	593
M02215:3:000000000-B9JT7:1:1111:20830:212721:N:0:1;size=2;	dbcb76e1d0fba2cbbb336683406048a5aa2f5fce;Corynidae	100.000	313	0	0	1	313	1	313	4.75e-166	579
M02215:3:000000000-B9JT7:1:1111:21572:109201:N:0:1;size=2;	135564e9c33f7abcb19bbdbfc571af0ea2c77f82;Pedospumella	100.000	313	0	0	1	313	1	313	4.75e-166	579
M02215:3:000000000-B9JT7:1:1111:21627:217661:N:0:1;size=2;	74bd536a982117e99a75e40240e0e3b1b1f81a5c;Triparma	100.000	313	0	0	1	313	1	313	4.75e-166	579
M02215:3:000000000-B9JT7:1:1111:21895:141691:N:0:1;size=2;	6f98e637735b187cd156c79b8f022a0bc63d5fc5;Micromonas	100.000	313	0	0	1	313	1	313	4.75e-166	579
M02215:3:000000000-B9JT7:1:1111:25473:210731:N:0:1;size=2;	14e21ec9b37d5162dc34cd67d5d5b38e896ff4af;Bathycoccus	100.000	313	0	0	1	313	1	313	4.75e-166	579
M02215:3:000000000-B9JT7:1:1111:26346:204411:N:0:1;size=2;	5ae1341da7ed3b29f88201563c85b12b0112a65a;Minutocellus	100.000	313	0	0	1	313	1	313	4.75e-166	579
M02215:3:000000000-B9JT7:1:1111:26797:97801:N:0:1;size=2;	882bcbeccf43f6ad24cd4dddc65e79df5feeaa78;Bathycoccus	98.795	332	3	1	1	332	1	331	2.20e-169	590
M02215:3:000000000-B9JT7:1:1111:5664:75971:N:0:1;size=2;	5ae1341da7ed3b29f88201563c85b12b0112a65a;Minutocellus	100.000	313	0	0	1	313	1	313	4.75e-166	579
M02215:3:000000000-B9JT7:1:1111:6424:139731:N:0:1;size=2;	d92752cfdd8fd1a32b49db69adb3e1e7a3b4e8cc;Cyclotella	99.681	313	1	0	1	313	1	313	2.21e-164	573
M02215:3:000000000-B9JT7:1:1111:7121:95691:N:0:1;size=2;	ec648dd8f07e687f8887f006f05d9740edf238ee;Bathycoccus	97.764	313	7	0	1	313	1	313	2.19e-154	540
M02215:3:000000000-B9JT7:1:1111:7804:158181:N:0:1;size=2;	b1a34b52e9dbe50cc0e7728a1c7595dcf1351f25;Littorina	100.000	313	0	0	1	313	1	313	4.75e-166	579
M02215:3:000000000-B9JT7:1:1111:8524:188131:N:0:1;size=2;	dbcb76e1d0fba2cbbb336683406048a5aa2f5fce;Corynidae	100.000	313	0	0	1	313	1	313	4.75e-166	579
M02215:3:000000000-B9JT7:1:1112:10068:31341:N:0:1;size=2;	d92752cfdd8fd1a32b49db69adb3e1e7a3b4e8cc;Cyclotella	99.361	313	2	0	1	313	1	313	1.03e-162	568
M02215:3:000000000-B9JT7:1:1112:12554:60251:N:0:1;size=2;	b1a34b52e9dbe50cc0e7728a1c7595dcf1351f25;Littorina	100.000	313	0	0	1	313	1	313	4.75e-166	579
M02215:3:000000000-B9JT7:1:1112:14414:221361:N:0:1;size=2;	882bcbeccf43f6ad24cd4dddc65e79df5feeaa78;Bathycoccus	99.091	330	3	0	1	330	1	330	1.68e-170	593
M02215:3:000000000-B9JT7:1:1112:14885:128591:N:0:1;size=2;	882bcbeccf43f6ad24cd4dddc65e79df5feeaa78;Bathycoccus	92.966	327	23	0	10	336	10	336	1.76e-135	477
M02215:3:000000000-B9JT7:1:1112:15403:264721:N:0:1;size=4;	d92752cfdd8fd1a32b49db69adb3e1e7a3b4e8cc;Cyclotella	99.681	313	1	0	1	313	1	313	2.21e-164	573
M02215:3:000000000-B9JT7:1:1112:15514:274811:N:0:1;size=2;	882bcbeccf43f6ad24cd4dddc65e79df5feeaa78;Bathycoccus	98.512	336	5	0	1	336	1	336	1.70e-170	593
M02215:3:000000000-B9JT7:1:1112:17045:284851:N:0:1;size=2;	6f98e637735b187cd156c79b8f022a0bc63d5fc5;Micromonas	100.000	313	0	0	1	313	1	313	4.75e-166	579
M02215:3:000000000-B9JT7:1:1112:17170:165281:N:0:1;size=2;	c97e203113b40b77e44612c1d6e835474a9ddfac;Bathycoccus	100.000	313	0	0	1	313	1	313	4.71e-166	579
M02215:3:000000000-B9JT7:1:1112:17916:100251:N:0:1;size=2;	52ac6f8082f0cfa8b07863f388b5c15ef1ccb145;Micromonas	100.000	313	0	0	1	313	1	313	4.75e-166	579
M02215:3:000000000-B9JT7:1:1112:18894:90261:N:0:1;size=2;	a68693b3043b9d50a8c7e70db541da55c9a7d24d;Pseudocalanus	99.681	313	1	0	1	313	1	313	2.21e-164	573
M02215:3:000000000-B9JT7:1:1112:20953:270951:N:0:1;size=2;	12b98cb34776b20c1af3092b34deaa79d36c190a;Maculaura	99.683	315	1	0	1	315	1	315	1.73e-165	577
M02215:3:000000000-B9JT7:1:1112:21158:268991:N:0:1;size=2;	ecbcc3bd709776326a720729ad74c020c160aa3a;Chlorella	100.000	313	0	0	1	313	1	313	4.67e-166	579
M02215:3:000000000-B9JT7:1:1112:23907:99391:N:0:1;size=2;	25b830fbb3ec09d540b85d3426f657544068bd37;Micromonas	99.315	292	2	0	1	292	1	292	4.75e-151	529
M02215:3:000000000-B9JT7:1:1112:24389:149021:N:0:1;size=2;	a4c5abb6f8cf3f8e1f96fcd812149a53baef88bd;Micromonas	99.361	313	2	0	1	313	1	313	1.03e-162	568
M02215:3:000000000-B9JT7:1:1112:26439:100621:N:0:1;size=2;	a68693b3043b9d50a8c7e70db541da55c9a7d24d;Pseudocalanus	99.361	313	2	0	1	313	1	313	1.03e-162	568
M02215:3:000000000-B9JT7:1:1112:6171:101511:N:0:1;size=2;	135564e9c33f7abcb19bbdbfc571af0ea2c77f82;Pedospumella	100.000	313	0	0	1	313	1	313	4.75e-166	579
M02215:3:000000000-B9JT7:1:1112:7677:261251:N:0:1;size=2;	882bcbeccf43f6ad24cd4dddc65e79df5feeaa78;Bathycoccus	98.788	330	4	0	1	330	1	330	7.82e-169	588
M02215:3:000000000-B9JT7:1:1112:9249:166451:N:0:1;size=2;	a4c5abb6f8cf3f8e1f96fcd812149a53baef88bd;Micromonas	95.847	313	13	0	1	313	1	313	2.27e-144	507
M02215:3:000000000-B9JT7:1:1112:9580:254421:N:0:1;size=2;	882bcbeccf43f6ad24cd4dddc65e79df5feeaa78;Bathycoccus	98.214	336	6	0	1	336	1	336	7.73e-169	588
M02215:3:000000000-B9JT7:1:1113:10061:236331:N:0:1;size=2;	74bd536a982117e99a75e40240e0e3b1b1f81a5c;Triparma	100.000	313	0	0	1	313	1	313	4.75e-166	579
M02215:3:000000000-B9JT7:1:1113:12278:67011:N:0:1;size=2;	a64ab751b69ad1c2dc45814951dd0b3fce5c88aa;Micromonas	100.000	313	0	0	1	313	1	313	4.30e-166	579
M02215:3:000000000-B9JT7:1:1113:14177:228821:N:0:1;size=2;	a64ab751b69ad1c2dc45814951dd0b3fce5c88aa;Micromonas	100.000	313	0	0	1	313	1	313	4.75e-166	579
M02215:3:000000000-B9JT7:1:1113:15622:111851:N:0:1;size=2;	d92752cfdd8fd1a32b49db69adb3e1e7a3b4e8cc;Cyclotella	99.681	313	1	0	1	313	1	313	2.21e-164	573
M02215:3:000000000-B9JT7:1:1113:16733:184281:N:0:1;size=2;	12b98cb34776b20c1af3092b34deaa79d36c190a;Maculaura	99.684	316	1	0	1	316	1	316	4.80e-166	579
M02215:3:000000000-B9JT7:1:1113:19653:189461:N:0:1;size=2;	32162e451e12cdf5cf3628007e99b0efa1ba946b;Phaeocystis	100.000	313	0	0	1	313	1	313	4.75e-166	579
M02215:3:000000000-B9JT7:1:1113:21774:79751:N:0:1;size=2;	b1a34b52e9dbe50cc0e7728a1c7595dcf1351f25;Littorina	100.000	313	0	0	1	313	1	313	4.75e-166	579
M02215:3:000000000-B9JT7:1:1113:22016:48091:N:0:1;size=2;	ecbcc3bd709776326a720729ad74c020c160aa3a;Chlorella	100.000	313	0	0	1	313	1	313	4.75e-166	579
M02215:3:000000000-B9JT7:1:1113:23798:167731:N:0:1;size=2;	d92752cfdd8fd1a32b49db69adb3e1e7a3b4e8cc;Cyclotella	99.361	313	2	0	1	313	1	313	1.03e-162	568
M02215:3:000000000-B9JT7:1:1113:25150:218601:N:0:1;size=2;	b1a34b52e9dbe50cc0e7728a1c7595dcf1351f25;Littorina	100.000	313	0	0	1	313	1	313	4.75e-166	579
M02215:3:000000000-B9JT7:1:1113:25731:73851:N:0:1;size=2;	ecbcc3bd709776326a720729ad74c020c160aa3a;Chlorella	99.681	313	1	0	1	313	1	313	2.21e-164	573
M02215:3:000000000-B9JT7:1:1113:27809:153991:N:0:1;size=2;	a68693b3043b9d50a8c7e70db541da55c9a7d24d;Pseudocalanus	99.361	313	2	0	1	313	1	313	1.01e-162	568
M02215:3:000000000-B9JT7:1:1113:6172:192921:N:0:1;size=2;	882bcbeccf43f6ad24cd4dddc65e79df5feeaa78;Bathycoccus	99.091	330	3	0	1	330	1	330	1.70e-170	593
M02215:3:000000000-B9JT7:1:1113:8451:63341:N:0:1;size=2;	b1a34b52e9dbe50cc0e7728a1c7595dcf1351f25;Littorina	100.000	313	0	0	1	313	1	313	4.75e-166	579
M02215:3:000000000-B9JT7:1:1113:9944:272301:N:0:1;size=2;	a64ab751b69ad1c2dc45814951dd0b3fce5c88aa;Micromonas	99.681	313	1	0	1	313	1	313	2.21e-164	573
M02215:3:000000000-B9JT7:1:1114:12141:248161:N:0:1;size=2;	12b98cb34776b20c1af3092b34deaa79d36c190a;Maculaura	99.684	316	1	0	1	316	1	316	4.80e-166	579
M02215:3:000000000-B9JT7:1:1114:12643:27321:N:0:1;size=2;	f8cc939e969331c93d31ef139a62816b20d1e395;Phytophthora	100.000	313	0	0	1	313	1	313	4.75e-166	579
M02215:3:000000000-B9JT7:1:1114:13159:157151:N:0:1;size=2;	882bcbeccf43f6ad24cd4dddc65e79df5feeaa78;Bathycoccus	98.810	336	4	0	1	336	1	336	3.65e-172	599
M02215:3:000000000-B9JT7:1:1114:13445:188711:N:0:1;size=2;	52ac6f8082f0cfa8b07863f388b5c15ef1ccb145;Micromonas	100.000	313	0	0	1	313	1	313	4.56e-166	579
M02215:3:000000000-B9JT7:1:1114:14296:40781:N:0:1;size=2;	882bcbeccf43f6ad24cd4dddc65e79df5feeaa78;Bathycoccus	98.512	336	5	0	1	336	1	336	1.70e-170	593
M02215:3:000000000-B9JT7:1:1114:15519:32611:N:0:1;size=2;	6f98e637735b187cd156c79b8f022a0bc63d5fc5;Micromonas	100.000	313	0	0	1	313	1	313	4.71e-166	579
M02215:3:000000000-B9JT7:1:1114:17642:50011:N:0:1;size=2;	d92752cfdd8fd1a32b49db69adb3e1e7a3b4e8cc;Cyclotella	99.681	313	1	0	1	313	1	313	2.16e-164	573
M02215:3:000000000-B9JT7:1:1114:19397:78671:N:0:1;size=2;	52ac6f8082f0cfa8b07863f388b5c15ef1ccb145;Micromonas	100.000	313	0	0	1	313	1	313	4.75e-166	579
M02215:3:000000000-B9JT7:1:1114:21854:100271:N:0:1;size=2;	a4c5abb6f8cf3f8e1f96fcd812149a53baef88bd;Micromonas	99.361	313	2	0	1	313	1	313	1.01e-162	568
M02215:3:000000000-B9JT7:1:1114:22438:146461:N:0:1;size=2;	b57949f2759ef72fe986ab28e641f624ddef6661;Chordariaceae	100.000	313	0	0	1	313	1	313	4.75e-166	579
M02215:3:000000000-B9JT7:1:1114:24598:126161:N:0:1;size=2;	12b98cb34776b20c1af3092b34deaa79d36c190a;Maculaura	99.684	316	1	0	1	316	1	316	4.80e-166	579
M02215:3:000000000-B9JT7:1:1114:26753:186461:N:0:1;size=2;	12b98cb34776b20c1af3092b34deaa79d36c190a;Maculaura	99.684	316	1	0	1	316	1	316	4.80e-166	579
M02215:3:000000000-B9JT7:1:1114:27157:183851:N:0:1;size=2;	882bcbeccf43f6ad24cd4dddc65e79df5feeaa78;Bathycoccus	98.512	336	5	0	1	336	1	336	1.70e-170	593
M02215:3:000000000-B9JT7:1:1114:9367:171331:N:0:1;size=2;	12b98cb34776b20c1af3092b34deaa79d36c190a;Maculaura	99.684	316	1	0	1	316	1	316	4.80e-166	579
M02215:3:000000000-B9JT7:1:1114:9526:215791:N:0:1;size=2;	5ae1341da7ed3b29f88201563c85b12b0112a65a;Minutocellus	100.000	313	0	0	1	313	1	313	4.75e-166	579
M02215:3:000000000-B9JT7:1:1114:9860:93171:N:0:1;size=2;	882bcbeccf43f6ad24cd4dddc65e79df5feeaa78;Bathycoccus	98.214	336	6	0	1	336	1	336	7.90e-169	588
M02215:3:000000000-B9JT7:1:2101:10264:46521:N:0:1;size=2;	a64ab751b69ad1c2dc45814951dd0b3fce5c88aa;Micromonas	100.000	312	0	0	2	313	2	313	1.71e-165	577
M02215:3:000000000-B9JT7:1:2101:10786:156691:N:0:1;size=4;	d92752cfdd8fd1a32b49db69adb3e1e7a3b4e8cc;Cyclotella	99.681	313	1	0	1	313	1	313	2.06e-164	573
M02215:3:000000000-B9JT7:1:2101:18092:126781:N:0:1;size=2;	135564e9c33f7abcb19bbdbfc571af0ea2c77f82;Pedospumella	100.000	313	0	0	1	313	1	313	4.75e-166	579
M02215:3:000000000-B9JT7:1:2101:25330:202921:N:0:1;size=2;	a68693b3043b9d50a8c7e70db541da55c9a7d24d;Pseudocalanus	99.681	313	1	0	1	313	1	313	2.21e-164	573
M02215:3:000000000-B9JT7:1:2101:26690:118371:N:0:1;size=2;	32162e451e12cdf5cf3628007e99b0efa1ba946b;Phaeocystis	100.000	313	0	0	1	313	1	313	4.75e-166	579
M02215:3:000000000-B9JT7:1:2101:6461:71731:N:0:1;size=2;	135564e9c33f7abcb19bbdbfc571af0ea2c77f82;Pedospumella	100.000	313	0	0	1	313	1	313	4.75e-166	579
M02215:3:000000000-B9JT7:1:2102:10232:37931:N:0:1;size=2;	dbcb76e1d0fba2cbbb336683406048a5aa2f5fce;Corynidae	100.000	313	0	0	1	313	1	313	4.75e-166	579
M02215:3:000000000-B9JT7:1:2102:14437:137201:N:0:1;size=2;	74bd536a982117e99a75e40240e0e3b1b1f81a5c;Triparma	100.000	313	0	0	1	313	1	313	4.52e-166	579
M02215:3:000000000-B9JT7:1:2102:14534:255171:N:0:1;size=2;	882bcbeccf43f6ad24cd4dddc65e79df5feeaa78;Bathycoccus	96.697	333	8	3	1	332	1	331	1.04e-157	551
M02215:3:000000000-B9JT7:1:2102:15148:100221:N:0:1;size=2;	a68693b3043b9d50a8c7e70db541da55c9a7d24d;Pseudocalanus	99.361	313	2	0	1	313	1	313	1.00e-162	568
M02215:3:000000000-B9JT7:1:2102:17619:186361:N:0:1;size=2;	cbfc5a373ffba1442245708d2904af20c6c637e9;Braconidae	100.000	313	0	0	1	313	1	313	4.75e-166	579
M02215:3:000000000-B9JT7:1:2102:22296:167011:N:0:1;size=2;	a4c5abb6f8cf3f8e1f96fcd812149a53baef88bd;Micromonas	96.805	313	10	0	1	313	1	313	2.21e-149	523
M02215:3:000000000-B9JT7:1:2102:23012:141911:N:0:1;size=2;	63168f01c9901536706a2940424991fc9e53cd93;root	100.000	313	0	0	1	313	1	313	4.46e-166	579
M02215:3:000000000-B9JT7:1:2102:25975:163851:N:0:1;size=2;	5ae1341da7ed3b29f88201563c85b12b0112a65a;Minutocellus	100.000	313	0	0	1	313	1	313	4.71e-166	579
M02215:3:000000000-B9JT7:1:2103:16064:72531:N:0:1;size=2;	882bcbeccf43f6ad24cd4dddc65e79df5feeaa78;Bathycoccus	99.085	328	3	0	1	328	3	330	2.18e-169	590
M02215:3:000000000-B9JT7:1:2103:16095:19371:N:0:1;size=2;	d92752cfdd8fd1a32b49db69adb3e1e7a3b4e8cc;Cyclotella	99.681	313	1	0	1	313	1	313	2.21e-164	573
M02215:3:000000000-B9JT7:1:2103:16631:161401:N:0:1;size=2;	b57949f2759ef72fe986ab28e641f624ddef6661;Chordariaceae	100.000	313	0	0	1	313	1	313	4.75e-166	579
M02215:3:000000000-B9JT7:1:2103:17947:179621:N:0:1;size=2;	a68693b3043b9d50a8c7e70db541da55c9a7d24d;Pseudocalanus	99.361	313	2	0	1	313	1	313	9.78e-163	568
M02215:3:000000000-B9JT7:1:2103:18783:71641:N:0:1;size=2;	882bcbeccf43f6ad24cd4dddc65e79df5feeaa78;Bathycoccus	98.214	336	6	0	1	336	1	336	7.90e-169	588
M02215:3:000000000-B9JT7:1:2103:20974:280241:N:0:1;size=2;	d92752cfdd8fd1a32b49db69adb3e1e7a3b4e8cc;Cyclotella	99.681	313	1	0	1	313	1	313	2.19e-164	573
M02215:3:000000000-B9JT7:1:2103:24055:57431:N:0:1;size=2;	12b98cb34776b20c1af3092b34deaa79d36c190a;Maculaura	99.684	316	1	0	1	316	1	316	4.80e-166	579
M02215:3:000000000-B9JT7:1:2103:24535:88831:N:0:1;size=2;	12b98cb34776b20c1af3092b34deaa79d36c190a;Maculaura	99.684	316	1	0	1	316	1	316	4.80e-166	579
M02215:3:000000000-B9JT7:1:2103:8052:113431:N:0:1;size=2;	b1a34b52e9dbe50cc0e7728a1c7595dcf1351f25;Littorina	100.000	313	0	0	1	313	1	313	4.75e-166	579
M02215:3:000000000-B9JT7:1:2104:11367:69451:N:0:1;size=2;	dbcb76e1d0fba2cbbb336683406048a5aa2f5fce;Corynidae	100.000	313	0	0	1	313	1	313	4.75e-166	579
M02215:3:000000000-B9JT7:1:2104:14692:141111:N:0:1;size=2;	cc641d3be8658bf309461ade2f85466110d635ba;bacterium	100.000	313	0	0	1	313	1	313	4.65e-166	579
M02215:3:000000000-B9JT7:1:2104:19359:272691:N:0:1;size=2;	f480326f0c6c82489d3b525d63ed3f6d1313807f;root	100.000	313	0	0	1	313	1	313	4.75e-166	579
M02215:3:000000000-B9JT7:1:2104:20048:114181:N:0:1;size=2;	b1a34b52e9dbe50cc0e7728a1c7595dcf1351f25;Littorina	100.000	313	0	0	1	313	1	313	4.75e-166	579
M02215:3:000000000-B9JT7:1:2104:21713:205261:N:0:1;size=2;	a4c5abb6f8cf3f8e1f96fcd812149a53baef88bd;Micromonas	99.361	313	2	0	1	313	1	313	1.03e-162	568
M02215:3:000000000-B9JT7:1:2104:22345:212591:N:0:1;size=2;	f8cc939e969331c93d31ef139a62816b20d1e395;Phytophthora	100.000	313	0	0	1	313	1	313	4.75e-166	579
M02215:3:000000000-B9JT7:1:2104:23240:199841:N:0:1;size=2;	882bcbeccf43f6ad24cd4dddc65e79df5feeaa78;Bathycoccus	99.107	336	3	0	1	336	1	336	7.84e-174	604
M02215:3:000000000-B9JT7:1:2104:8650:211271:N:0:1;size=2;	d92752cfdd8fd1a32b49db69adb3e1e7a3b4e8cc;Cyclotella	99.361	313	2	0	1	313	1	313	1.03e-162	568
M02215:3:000000000-B9JT7:1:2104:8944:90031:N:0:1;size=2;	12b98cb34776b20c1af3092b34deaa79d36c190a;Maculaura	99.684	316	1	0	1	316	1	316	4.80e-166	579
M02215:3:000000000-B9JT7:1:2105:11848:55931:N:0:1;size=2;	882bcbeccf43f6ad24cd4dddc65e79df5feeaa78;Bathycoccus	100.000	314	0	0	2	315	1	314	1.19e-166	580
M02215:3:000000000-B9JT7:1:2105:14075:229231:N:0:1;size=2;	b9acb6ec4931ff87dc16ac54835de8c9827aeb28;Micromonas	99.681	313	1	0	1	313	1	313	2.21e-164	573
M02215:3:000000000-B9JT7:1:2105:18227:121571:N:0:1;size=2;	ecbcc3bd709776326a720729ad74c020c160aa3a;Chlorella	100.000	313	0	0	1	313	1	313	4.52e-166	579
M02215:3:000000000-B9JT7:1:2105:3572:160991:N:0:1;size=2;	a64ab751b69ad1c2dc45814951dd0b3fce5c88aa;Micromonas	99.681	313	1	0	1	313	1	313	2.21e-164	573
M02215:3:000000000-B9JT7:1:2106:11649:239041:N:0:1;size=2;	882bcbeccf43f6ad24cd4dddc65e79df5feeaa78;Bathycoccus	98.529	340	5	0	1	340	1	340	1.01e-172	601
M02215:3:000000000-B9JT7:1:2106:19031:81341:N:0:1;size=2;	ecbcc3bd709776326a720729ad74c020c160aa3a;Chlorella	100.000	313	0	0	1	313	1	313	4.75e-166	579
M02215:3:000000000-B9JT7:1:2106:19584:50951:N:0:1;size=2;	a64ab751b69ad1c2dc45814951dd0b3fce5c88aa;Micromonas	100.000	313	0	0	1	313	1	313	4.53e-166	579
M02215:3:000000000-B9JT7:1:2106:20358:260991:N:0:1;size=2;	32162e451e12cdf5cf3628007e99b0efa1ba946b;Phaeocystis	100.000	313	0	0	1	313	1	313	4.75e-166	579
M02215:3:000000000-B9JT7:1:2106:26690:128701:N:0:1;size=2;	74bd536a982117e99a75e40240e0e3b1b1f81a5c;Triparma	100.000	313	0	0	1	313	1	313	4.75e-166	579
M02215:3:000000000-B9JT7:1:2106:3815:115841:N:0:1;size=2;	882bcbeccf43f6ad24cd4dddc65e79df5feeaa78;Bathycoccus	99.091	330	3	0	1	330	1	330	1.70e-170	593
M02215:3:000000000-B9JT7:1:2106:3866:91931:N:0:1;size=2;	d92752cfdd8fd1a32b49db69adb3e1e7a3b4e8cc;Cyclotella	99.681	313	1	0	1	313	1	313	2.21e-164	573
M02215:3:000000000-B9JT7:1:2106:7126:178561:N:0:1;size=2;	f8cc939e969331c93d31ef139a62816b20d1e395;Phytophthora	100.000	313	0	0	1	313	1	313	4.75e-166	579
M02215:3:000000000-B9JT7:1:2107:11862:85171:N:0:1;size=2;	135564e9c33f7abcb19bbdbfc571af0ea2c77f82;Pedospumella	100.000	313	0	0	1	313	1	313	4.75e-166	579
M02215:3:000000000-B9JT7:1:2107:13391:219051:N:0:1;size=2;	74bd536a982117e99a75e40240e0e3b1b1f81a5c;Triparma	100.000	313	0	0	1	313	1	313	4.75e-166	579
M02215:3:000000000-B9JT7:1:2107:13405:216701:N:0:1;size=2;	6f98e637735b187cd156c79b8f022a0bc63d5fc5;Micromonas	100.000	313	0	0	1	313	1	313	4.75e-166	579
M02215:3:000000000-B9JT7:1:2107:17391:55691:N:0:1;size=2;	882bcbeccf43f6ad24cd4dddc65e79df5feeaa78;Bathycoccus	98.214	336	6	0	1	336	1	336	7.68e-169	588
M02215:3:000000000-B9JT7:1:2107:19464:278831:N:0:1;size=2;	e235e78777107c42c32a4e8475c1a06b005336a1;Pythium	100.000	313	0	0	1	313	1	313	4.75e-166	579
M02215:3:000000000-B9JT7:1:2107:19577:29001:N:0:1;size=2;	954c2d6a54f3a580cb8173b46bb5997143517f0e;Bathycoccus	95.192	312	15	0	2	313	2	313	1.77e-140	494
M02215:3:000000000-B9JT7:1:2108:14125:29951:N:0:1;size=2;	6ab38eefaca96b58db2889ba8b9dcd7048db36a0;Bathycoccus	88.215	297	35	0	1	297	1	297	8.72e-99	355
M02215:3:000000000-B9JT7:1:2108:19450:213311:N:0:1;size=2;	882bcbeccf43f6ad24cd4dddc65e79df5feeaa78;Bathycoccus	98.795	332	3	1	1	332	1	331	2.20e-169	590
M02215:3:000000000-B9JT7:1:2109:10007:92671:N:0:1;size=2;	882bcbeccf43f6ad24cd4dddc65e79df5feeaa78;Bathycoccus	98.792	331	3	1	2	332	2	331	7.82e-169	588
M02215:3:000000000-B9JT7:1:2109:20463:186811:N:0:1;size=2;	dbcb76e1d0fba2cbbb336683406048a5aa2f5fce;Corynidae	100.000	313	0	0	1	313	1	313	4.75e-166	579
M02215:3:000000000-B9JT7:1:2109:26941:190661:N:0:1;size=2;	6f98e637735b187cd156c79b8f022a0bc63d5fc5;Micromonas	100.000	313	0	0	1	313	1	313	4.75e-166	579
M02215:3:000000000-B9JT7:1:2109:9727:169551:N:0:1;size=2;	d92752cfdd8fd1a32b49db69adb3e1e7a3b4e8cc;Cyclotella	99.681	313	1	0	1	313	1	313	2.21e-164	573
M02215:3:000000000-B9JT7:1:2110:13771:72761:N:0:1;size=2;	a64ab751b69ad1c2dc45814951dd0b3fce5c88aa;Micromonas	100.000	297	0	0	1	297	1	297	3.73e-157	549
M02215:3:000000000-B9JT7:1:2110:24999:245051:N:0:1;size=2;	a64ab751b69ad1c2dc45814951dd0b3fce5c88aa;Micromonas	100.000	313	0	0	1	313	1	313	4.75e-166	579
M02215:3:000000000-B9JT7:1:2110:8458:110181:N:0:1;size=2;	bc7798d3a55901fe59d6bb982bb5e6ab5a08c019;Holometabola	100.000	313	0	0	1	313	1	313	4.59e-166	579
M02215:3:000000000-B9JT7:1:2111:12366:122151:N:0:1;size=2;	12b98cb34776b20c1af3092b34deaa79d36c190a;Maculaura	99.684	316	1	0	1	316	1	316	4.80e-166	579
M02215:3:000000000-B9JT7:1:2111:12904:145621:N:0:1;size=2;	ecbcc3bd709776326a720729ad74c020c160aa3a;Chlorella	100.000	313	0	0	1	313	1	313	4.75e-166	579
M02215:3:000000000-B9JT7:1:2111:16261:115751:N:0:1;size=2;	882bcbeccf43f6ad24cd4dddc65e79df5feeaa78;Bathycoccus	98.235	340	6	0	1	340	1	340	4.72e-171	595
M02215:3:000000000-B9JT7:1:2111:19495:54771:N:0:1;size=2;	b1a34b52e9dbe50cc0e7728a1c7595dcf1351f25;Littorina	100.000	313	0	0	1	313	1	313	4.75e-166	579
M02215:3:000000000-B9JT7:1:2112:13480:188491:N:0:1;size=2;	f8cc939e969331c93d31ef139a62816b20d1e395;Phytophthora	100.000	313	0	0	1	313	1	313	4.75e-166	579
M02215:3:000000000-B9JT7:1:2112:21504:253711:N:0:1;size=2;	135564e9c33f7abcb19bbdbfc571af0ea2c77f82;Pedospumella	100.000	313	0	0	1	313	1	313	4.75e-166	579
M02215:3:000000000-B9JT7:1:2112:23608:40911:N:0:1;size=2;	882bcbeccf43f6ad24cd4dddc65e79df5feeaa78;Bathycoccus	99.394	330	2	0	1	330	1	330	3.65e-172	599
M02215:3:000000000-B9JT7:1:2113:15939:244211:N:0:1;size=2;	12b98cb34776b20c1af3092b34deaa79d36c190a;Maculaura	99.684	316	1	0	1	316	1	316	4.80e-166	579
M02215:3:000000000-B9JT7:1:2114:21098:32471:N:0:1;size=2;	32162e451e12cdf5cf3628007e99b0efa1ba946b;Phaeocystis	100.000	313	0	0	1	313	1	313	4.43e-166	579
M02215:3:000000000-B9JT7:1:2114:21716:90171:N:0:1;size=2;	135564e9c33f7abcb19bbdbfc571af0ea2c77f82;Pedospumella	100.000	313	0	0	1	313	1	313	4.75e-166	579
