M02215:3:000000000-B9JT7:1:1103:27550:129071:N:0:1;size=10633;	d92752cfdd8fd1a32b49db69adb3e1e7a3b4e8cc;Cyclotella	99.681	313	1	0	1	313	1	313	2.21e-164	573
M02215:3:000000000-B9JT7:1:1102:9957:188771:N:0:1;size=681;	d92752cfdd8fd1a32b49db69adb3e1e7a3b4e8cc;Cyclotella	99.681	313	1	0	1	313	1	313	2.19e-164	573
M02215:3:000000000-B9JT7:1:1101:22960:210941:N:0:1;size=276;	882bcbeccf43f6ad24cd4dddc65e79df5feeaa78;Bathycoccus	98.512	336	5	0	1	336	1	336	1.68e-170	593
M02215:3:000000000-B9JT7:1:1101:8016:53581:N:0:1;size=4181;	882bcbeccf43f6ad24cd4dddc65e79df5feeaa78;Bathycoccus	98.512	336	5	0	1	336	1	336	1.70e-170	593
M02215:3:000000000-B9JT7:1:1101:14510:60591:N:0:1;size=23;	d92752cfdd8fd1a32b49db69adb3e1e7a3b4e8cc;Cyclotella	99.681	313	1	0	1	313	1	313	2.21e-164	573
M02215:3:000000000-B9JT7:1:1104:18839:219681:N:0:1;size=26;	d92752cfdd8fd1a32b49db69adb3e1e7a3b4e8cc;Cyclotella	99.681	313	1	0	1	313	1	313	2.21e-164	573
M02215:3:000000000-B9JT7:1:1101:27073:97041:N:0:1;size=21;	d92752cfdd8fd1a32b49db69adb3e1e7a3b4e8cc;Cyclotella	99.681	313	1	0	1	313	1	313	2.21e-164	573
M02215:3:000000000-B9JT7:1:1101:8913:134641:N:0:1;size=18;	882bcbeccf43f6ad24cd4dddc65e79df5feeaa78;Bathycoccus	98.512	336	5	0	1	336	1	336	1.70e-170	593
M02215:3:000000000-B9JT7:1:1102:19859:77061:N:0:1;size=20;	882bcbeccf43f6ad24cd4dddc65e79df5feeaa78;Bathycoccus	98.810	336	4	0	1	336	1	336	3.65e-172	599
M02215:3:000000000-B9JT7:1:1101:7747:209221:N:0:1;size=13;	d92752cfdd8fd1a32b49db69adb3e1e7a3b4e8cc;Cyclotella	99.681	313	1	0	1	313	1	313	2.21e-164	573
M02215:3:000000000-B9JT7:1:1103:21147:102351:N:0:1;size=12;	882bcbeccf43f6ad24cd4dddc65e79df5feeaa78;Bathycoccus	98.512	336	5	0	1	336	1	336	1.70e-170	593
M02215:3:000000000-B9JT7:1:1105:25138:175991:N:0:1;size=17;	d92752cfdd8fd1a32b49db69adb3e1e7a3b4e8cc;Cyclotella	99.681	313	1	0	1	313	1	313	2.21e-164	573
M02215:3:000000000-B9JT7:1:1101:18939:27521:N:0:1;size=29;	d92752cfdd8fd1a32b49db69adb3e1e7a3b4e8cc;Cyclotella	99.681	313	1	0	1	313	1	313	2.06e-164	573
M02215:3:000000000-B9JT7:1:1109:18983:131211:N:0:1;size=11;	d92752cfdd8fd1a32b49db69adb3e1e7a3b4e8cc;Cyclotella	99.361	313	2	0	1	313	1	313	1.03e-162	568
M02215:3:000000000-B9JT7:1:1101:24346:184581:N:0:1;size=45;	d92752cfdd8fd1a32b49db69adb3e1e7a3b4e8cc;Cyclotella	99.681	313	1	0	1	313	1	313	2.08e-164	573
M02215:3:000000000-B9JT7:1:1101:5240:169841:N:0:1;size=10;	882bcbeccf43f6ad24cd4dddc65e79df5feeaa78;Bathycoccus	99.091	330	3	0	1	330	1	330	1.70e-170	593
M02215:3:000000000-B9JT7:1:1104:25028:118501:N:0:1;size=9;	882bcbeccf43f6ad24cd4dddc65e79df5feeaa78;Bathycoccus	98.788	330	4	0	1	330	1	330	7.90e-169	588
M02215:3:000000000-B9JT7:1:1109:18667:252861:N:0:1;size=427;	a64ab751b69ad1c2dc45814951dd0b3fce5c88aa;Micromonas	100.000	313	0	0	1	313	1	313	4.75e-166	579
M02215:3:000000000-B9JT7:1:1101:12075:122481:N:0:1;size=50;	a64ab751b69ad1c2dc45814951dd0b3fce5c88aa;Micromonas	100.000	313	0	0	1	313	1	313	4.75e-166	579
M02215:3:000000000-B9JT7:1:1101:15801:76741:N:0:1;size=33;	a64ab751b69ad1c2dc45814951dd0b3fce5c88aa;Micromonas	100.000	313	0	0	1	313	1	313	4.75e-166	579
M02215:3:000000000-B9JT7:1:1101:18339:168501:N:0:1;size=49;	a64ab751b69ad1c2dc45814951dd0b3fce5c88aa;Micromonas	100.000	313	0	0	1	313	1	313	4.71e-166	579
M02215:3:000000000-B9JT7:1:1104:15916:190711:N:0:1;size=8;	d92752cfdd8fd1a32b49db69adb3e1e7a3b4e8cc;Cyclotella	99.361	313	2	0	1	313	1	313	1.03e-162	568
M02215:3:000000000-B9JT7:1:1106:10257:169411:N:0:1;size=13;	d92752cfdd8fd1a32b49db69adb3e1e7a3b4e8cc;Cyclotella	99.681	313	1	0	1	313	1	313	2.18e-164	573
M02215:3:000000000-B9JT7:1:1107:10805:223731:N:0:1;size=8;	882bcbeccf43f6ad24cd4dddc65e79df5feeaa78;Bathycoccus	98.214	336	6	0	1	336	1	336	7.90e-169	588
M02215:3:000000000-B9JT7:1:1107:6802:113251:N:0:1;size=8;	d92752cfdd8fd1a32b49db69adb3e1e7a3b4e8cc;Cyclotella	99.681	313	1	0	1	313	1	313	2.21e-164	573
M02215:3:000000000-B9JT7:1:1108:10699:72131:N:0:1;size=8;	882bcbeccf43f6ad24cd4dddc65e79df5feeaa78;Bathycoccus	99.107	336	3	0	1	336	1	336	7.84e-174	604
M02215:3:000000000-B9JT7:1:1101:15422:168721:N:0:1;size=10;	d92752cfdd8fd1a32b49db69adb3e1e7a3b4e8cc;Cyclotella	99.681	313	1	0	1	313	1	313	2.21e-164	573
M02215:3:000000000-B9JT7:1:1101:5169:173981:N:0:1;size=7;	882bcbeccf43f6ad24cd4dddc65e79df5feeaa78;Bathycoccus	99.107	336	3	0	1	336	1	336	7.84e-174	604
M02215:3:000000000-B9JT7:1:1102:4867:76471:N:0:1;size=19;	a64ab751b69ad1c2dc45814951dd0b3fce5c88aa;Micromonas	100.000	313	0	0	1	313	1	313	4.75e-166	579
M02215:3:000000000-B9JT7:1:1103:24443:104491:N:0:1;size=7;	882bcbeccf43f6ad24cd4dddc65e79df5feeaa78;Bathycoccus	99.091	330	3	0	1	330	1	330	1.70e-170	593
M02215:3:000000000-B9JT7:1:1105:13275:117941:N:0:1;size=7;	d92752cfdd8fd1a32b49db69adb3e1e7a3b4e8cc;Cyclotella	99.681	313	1	0	1	313	1	313	2.21e-164	573
M02215:3:000000000-B9JT7:1:1109:4825:94691:N:0:1;size=7;	d92752cfdd8fd1a32b49db69adb3e1e7a3b4e8cc;Cyclotella	99.681	313	1	0	1	313	1	313	2.21e-164	573
M02215:3:000000000-B9JT7:1:1110:22666:220931:N:0:1;size=18;	a64ab751b69ad1c2dc45814951dd0b3fce5c88aa;Micromonas	100.000	313	0	0	1	313	1	313	4.75e-166	579
M02215:3:000000000-B9JT7:1:1102:10480:44831:N:0:1;size=6;	882bcbeccf43f6ad24cd4dddc65e79df5feeaa78;Bathycoccus	98.512	336	5	0	1	336	1	336	1.70e-170	593
M02215:3:000000000-B9JT7:1:1103:28222:157941:N:0:1;size=6;	882bcbeccf43f6ad24cd4dddc65e79df5feeaa78;Bathycoccus	99.091	330	3	0	1	330	1	330	1.70e-170	593
M02215:3:000000000-B9JT7:1:1104:7596:143211:N:0:1;size=6;	d92752cfdd8fd1a32b49db69adb3e1e7a3b4e8cc;Cyclotella	99.681	313	1	0	1	313	1	313	2.21e-164	573
M02215:3:000000000-B9JT7:1:1106:2016:151351:N:0:1;size=6;	d92752cfdd8fd1a32b49db69adb3e1e7a3b4e8cc;Cyclotella	99.681	313	1	0	1	313	1	313	2.21e-164	573
M02215:3:000000000-B9JT7:1:1107:8415:79391:N:0:1;size=6;	d92752cfdd8fd1a32b49db69adb3e1e7a3b4e8cc;Cyclotella	99.681	313	1	0	1	313	1	313	2.21e-164	573
M02215:3:000000000-B9JT7:1:1110:22400:231371:N:0:1;size=6;	d92752cfdd8fd1a32b49db69adb3e1e7a3b4e8cc;Cyclotella	99.681	313	1	0	1	313	1	313	2.21e-164	573
M02215:3:000000000-B9JT7:1:1101:7247:114641:N:0:1;size=5;	a64ab751b69ad1c2dc45814951dd0b3fce5c88aa;Micromonas	100.000	313	0	0	1	313	1	313	4.75e-166	579
M02215:3:000000000-B9JT7:1:1101:8978:141091:N:0:1;size=5;	882bcbeccf43f6ad24cd4dddc65e79df5feeaa78;Bathycoccus	98.512	336	5	0	1	336	1	336	1.70e-170	593
M02215:3:000000000-B9JT7:1:1102:20046:41591:N:0:1;size=11;	a64ab751b69ad1c2dc45814951dd0b3fce5c88aa;Micromonas	100.000	313	0	0	1	313	1	313	4.75e-166	579
M02215:3:000000000-B9JT7:1:1103:15872:266141:N:0:1;size=7;	a64ab751b69ad1c2dc45814951dd0b3fce5c88aa;Micromonas	100.000	313	0	0	1	313	1	313	4.71e-166	579
M02215:3:000000000-B9JT7:1:1103:24451:114991:N:0:1;size=8;	882bcbeccf43f6ad24cd4dddc65e79df5feeaa78;Bathycoccus	98.810	336	4	0	1	336	1	336	3.61e-172	599
M02215:3:000000000-B9JT7:1:1103:28373:121361:N:0:1;size=5;	b1a34b52e9dbe50cc0e7728a1c7595dcf1351f25;Littorina	100.000	313	0	0	1	313	1	313	4.71e-166	579
M02215:3:000000000-B9JT7:1:1104:22019:108261:N:0:1;size=20;	d92752cfdd8fd1a32b49db69adb3e1e7a3b4e8cc;Cyclotella	99.681	313	1	0	1	313	1	313	2.14e-164	573
M02215:3:000000000-B9JT7:1:1106:24882:180751:N:0:1;size=62;	43cdd9bcff01e80713af243417de400f0b175a07;Dictyocha	100.000	313	0	0	1	313	1	313	4.75e-166	579
M02215:3:000000000-B9JT7:1:1107:11073:211031:N:0:1;size=21;	a64ab751b69ad1c2dc45814951dd0b3fce5c88aa;Micromonas	100.000	313	0	0	1	313	1	313	4.75e-166	579
M02215:3:000000000-B9JT7:1:1107:25155:92611:N:0:1;size=5;	882bcbeccf43f6ad24cd4dddc65e79df5feeaa78;Bathycoccus	99.394	330	2	0	1	330	1	330	3.65e-172	599
M02215:3:000000000-B9JT7:1:1107:7610:105911:N:0:1;size=8;	d92752cfdd8fd1a32b49db69adb3e1e7a3b4e8cc;Cyclotella	99.361	313	2	0	1	313	1	313	1.03e-162	568
M02215:3:000000000-B9JT7:1:1108:13559:33211:N:0:1;size=5;	882bcbeccf43f6ad24cd4dddc65e79df5feeaa78;Bathycoccus	98.795	332	3	1	1	332	1	331	2.20e-169	590
M02215:3:000000000-B9JT7:1:1101:11799:245941:N:0:1;size=30;	d92752cfdd8fd1a32b49db69adb3e1e7a3b4e8cc;Cyclotella	99.681	313	1	0	1	313	1	313	2.15e-164	573
M02215:3:000000000-B9JT7:1:1101:16999:73011:N:0:1;size=4;	a64ab751b69ad1c2dc45814951dd0b3fce5c88aa;Micromonas	100.000	313	0	0	1	313	1	313	4.75e-166	579
M02215:3:000000000-B9JT7:1:1101:27352:113701:N:0:1;size=13;	b1a34b52e9dbe50cc0e7728a1c7595dcf1351f25;Littorina	100.000	313	0	0	1	313	1	313	4.71e-166	579
M02215:3:000000000-B9JT7:1:1101:7145:85731:N:0:1;size=4;	a64ab751b69ad1c2dc45814951dd0b3fce5c88aa;Micromonas	100.000	313	0	0	1	313	1	313	4.75e-166	579
M02215:3:000000000-B9JT7:1:1101:8150:227041:N:0:1;size=16;	882bcbeccf43f6ad24cd4dddc65e79df5feeaa78;Bathycoccus	99.091	330	3	0	1	330	1	330	1.64e-170	593
M02215:3:000000000-B9JT7:1:1102:10466:232361:N:0:1;size=4;	882bcbeccf43f6ad24cd4dddc65e79df5feeaa78;Bathycoccus	98.512	336	5	0	1	336	1	336	1.67e-170	593
M02215:3:000000000-B9JT7:1:1102:20986:48461:N:0:1;size=8;	882bcbeccf43f6ad24cd4dddc65e79df5feeaa78;Bathycoccus	100.000	318	0	0	1	318	1	318	7.37e-169	588
M02215:3:000000000-B9JT7:1:1102:21297:230121:N:0:1;size=4;	d92752cfdd8fd1a32b49db69adb3e1e7a3b4e8cc;Cyclotella	99.361	313	2	0	1	313	1	313	1.03e-162	568
M02215:3:000000000-B9JT7:1:1103:13005:55111:N:0:1;size=4;	882bcbeccf43f6ad24cd4dddc65e79df5feeaa78;Bathycoccus	98.795	332	3	1	1	332	1	331	2.20e-169	590
M02215:3:000000000-B9JT7:1:1103:23160:56771:N:0:1;size=10;	dbcb76e1d0fba2cbbb336683406048a5aa2f5fce;Corynidae	100.000	313	0	0	1	313	1	313	4.75e-166	579
M02215:3:000000000-B9JT7:1:1103:23488:191981:N:0:1;size=4;	882bcbeccf43f6ad24cd4dddc65e79df5feeaa78;Bathycoccus	98.795	332	3	1	1	332	1	331	2.20e-169	590
M02215:3:000000000-B9JT7:1:1103:27102:159341:N:0:1;size=4;	882bcbeccf43f6ad24cd4dddc65e79df5feeaa78;Bathycoccus	99.107	336	3	0	1	336	1	336	7.84e-174	604
M02215:3:000000000-B9JT7:1:1104:14292:95251:N:0:1;size=7;	a64ab751b69ad1c2dc45814951dd0b3fce5c88aa;Micromonas	100.000	313	0	0	1	313	1	313	4.75e-166	579
M02215:3:000000000-B9JT7:1:1104:14868:65321:N:0:1;size=4;	d92752cfdd8fd1a32b49db69adb3e1e7a3b4e8cc;Cyclotella	99.361	313	2	0	1	313	1	313	1.03e-162	568
M02215:3:000000000-B9JT7:1:1105:28537:175681:N:0:1;size=4;	a64ab751b69ad1c2dc45814951dd0b3fce5c88aa;Micromonas	100.000	313	0	0	1	313	1	313	4.75e-166	579
M02215:3:000000000-B9JT7:1:1105:6398:64201:N:0:1;size=4;	d92752cfdd8fd1a32b49db69adb3e1e7a3b4e8cc;Cyclotella	99.361	313	2	0	1	313	1	313	1.03e-162	568
M02215:3:000000000-B9JT7:1:1106:13936:228331:N:0:1;size=4;	882bcbeccf43f6ad24cd4dddc65e79df5feeaa78;Bathycoccus	98.795	332	3	1	1	332	1	331	2.20e-169	590
M02215:3:000000000-B9JT7:1:1106:4493:191891:N:0:1;size=11;	dbcb76e1d0fba2cbbb336683406048a5aa2f5fce;Corynidae	100.000	313	0	0	1	313	1	313	4.75e-166	579
M02215:3:000000000-B9JT7:1:1107:20145:121861:N:0:1;size=51;	b1a34b52e9dbe50cc0e7728a1c7595dcf1351f25;Littorina	100.000	313	0	0	1	313	1	313	4.75e-166	579
M02215:3:000000000-B9JT7:1:1107:20421:184741:N:0:1;size=4;	a64ab751b69ad1c2dc45814951dd0b3fce5c88aa;Micromonas	100.000	313	0	0	1	313	1	313	4.75e-166	579
M02215:3:000000000-B9JT7:1:1108:15011:236281:N:0:1;size=10;	882bcbeccf43f6ad24cd4dddc65e79df5feeaa78;Bathycoccus	99.088	329	3	0	1	329	1	329	5.75e-170	592
M02215:3:000000000-B9JT7:1:1108:25485:204771:N:0:1;size=4;	882bcbeccf43f6ad24cd4dddc65e79df5feeaa78;Bathycoccus	98.795	332	3	1	1	332	1	331	2.20e-169	590
M02215:3:000000000-B9JT7:1:1109:23327:94391:N:0:1;size=6;	b1a34b52e9dbe50cc0e7728a1c7595dcf1351f25;Littorina	100.000	313	0	0	1	313	1	313	4.75e-166	579
M02215:3:000000000-B9JT7:1:1110:9879:195471:N:0:1;size=12;	74bd536a982117e99a75e40240e0e3b1b1f81a5c;Triparma	100.000	313	0	0	1	313	1	313	4.75e-166	579
M02215:3:000000000-B9JT7:1:1111:15623:90701:N:0:1;size=4;	a64ab751b69ad1c2dc45814951dd0b3fce5c88aa;Micromonas	100.000	313	0	0	1	313	1	313	4.75e-166	579
M02215:3:000000000-B9JT7:1:1111:26824:160611:N:0:1;size=4;	d92752cfdd8fd1a32b49db69adb3e1e7a3b4e8cc;Cyclotella	99.681	313	1	0	1	313	1	313	2.21e-164	573
M02215:3:000000000-B9JT7:1:1112:18245:262431:N:0:1;size=4;	882bcbeccf43f6ad24cd4dddc65e79df5feeaa78;Bathycoccus	99.107	336	3	0	1	336	1	336	7.84e-174	604
M02215:3:000000000-B9JT7:1:1114:3053:145671:N:0:1;size=4;	a64ab751b69ad1c2dc45814951dd0b3fce5c88aa;Micromonas	100.000	313	0	0	1	313	1	313	4.75e-166	579
M02215:3:000000000-B9JT7:1:1101:12542:94531:N:0:1;size=6;	a64ab751b69ad1c2dc45814951dd0b3fce5c88aa;Micromonas	100.000	313	0	0	1	313	1	313	4.75e-166	579
M02215:3:000000000-B9JT7:1:1101:14685:32891:N:0:1;size=3;	b1a34b52e9dbe50cc0e7728a1c7595dcf1351f25;Littorina	100.000	313	0	0	1	313	1	313	4.75e-166	579
M02215:3:000000000-B9JT7:1:1101:15325:232241:N:0:1;size=7;	b1a34b52e9dbe50cc0e7728a1c7595dcf1351f25;Littorina	100.000	313	0	0	1	313	1	313	4.75e-166	579
M02215:3:000000000-B9JT7:1:1101:22651:86951:N:0:1;size=11;	b1a34b52e9dbe50cc0e7728a1c7595dcf1351f25;Littorina	100.000	313	0	0	1	313	1	313	4.75e-166	579
M02215:3:000000000-B9JT7:1:1101:22981:132451:N:0:1;size=3;	a64ab751b69ad1c2dc45814951dd0b3fce5c88aa;Micromonas	100.000	313	0	0	1	313	1	313	4.75e-166	579
M02215:3:000000000-B9JT7:1:1101:23118:250031:N:0:1;size=3;	d92752cfdd8fd1a32b49db69adb3e1e7a3b4e8cc;Cyclotella	99.361	313	2	0	1	313	1	313	1.03e-162	568
M02215:3:000000000-B9JT7:1:1101:25766:110181:N:0:1;size=3;	a64ab751b69ad1c2dc45814951dd0b3fce5c88aa;Micromonas	100.000	312	0	0	2	313	2	313	1.69e-165	577
M02215:3:000000000-B9JT7:1:1101:26119:94281:N:0:1;size=3;	882bcbeccf43f6ad24cd4dddc65e79df5feeaa78;Bathycoccus	98.512	336	5	0	1	336	1	336	1.70e-170	593
M02215:3:000000000-B9JT7:1:1101:7718:137161:N:0:1;size=7;	a64ab751b69ad1c2dc45814951dd0b3fce5c88aa;Micromonas	100.000	313	0	0	1	313	1	313	4.75e-166	579
M02215:3:000000000-B9JT7:1:1101:8607:262541:N:0:1;size=3;	a64ab751b69ad1c2dc45814951dd0b3fce5c88aa;Micromonas	100.000	313	0	0	1	313	1	313	4.75e-166	579
M02215:3:000000000-B9JT7:1:1102:12296:221131:N:0:1;size=3;	43cdd9bcff01e80713af243417de400f0b175a07;Dictyocha	100.000	313	0	0	1	313	1	313	4.75e-166	579
M02215:3:000000000-B9JT7:1:1102:14774:261701:N:0:1;size=3;	d92752cfdd8fd1a32b49db69adb3e1e7a3b4e8cc;Cyclotella	99.361	313	2	0	1	313	1	313	1.03e-162	568
M02215:3:000000000-B9JT7:1:1102:19732:189921:N:0:1;size=3;	d92752cfdd8fd1a32b49db69adb3e1e7a3b4e8cc;Cyclotella	99.681	313	1	0	1	313	1	313	2.14e-164	573
M02215:3:000000000-B9JT7:1:1102:19933:232351:N:0:1;size=3;	a64ab751b69ad1c2dc45814951dd0b3fce5c88aa;Micromonas	100.000	313	0	0	1	313	1	313	4.75e-166	579
M02215:3:000000000-B9JT7:1:1102:20515:216721:N:0:1;size=3;	882bcbeccf43f6ad24cd4dddc65e79df5feeaa78;Bathycoccus	99.091	330	3	0	1	330	1	330	1.67e-170	593
M02215:3:000000000-B9JT7:1:1102:7582:46691:N:0:1;size=7;	dbcb76e1d0fba2cbbb336683406048a5aa2f5fce;Corynidae	100.000	313	0	0	1	313	1	313	4.75e-166	579
M02215:3:000000000-B9JT7:1:1103:10659:271311:N:0:1;size=3;	882bcbeccf43f6ad24cd4dddc65e79df5feeaa78;Bathycoccus	100.000	317	0	0	1	317	1	317	2.57e-168	586
M02215:3:000000000-B9JT7:1:1103:11803:141091:N:0:1;size=3;	882bcbeccf43f6ad24cd4dddc65e79df5feeaa78;Bathycoccus	98.810	336	4	0	1	336	1	336	3.55e-172	599
M02215:3:000000000-B9JT7:1:1103:13055:238441:N:0:1;size=3;	a64ab751b69ad1c2dc45814951dd0b3fce5c88aa;Micromonas	100.000	312	0	0	2	313	2	313	1.71e-165	577
M02215:3:000000000-B9JT7:1:1103:18306:233721:N:0:1;size=3;	43cdd9bcff01e80713af243417de400f0b175a07;Dictyocha	100.000	313	0	0	1	313	1	313	4.75e-166	579
M02215:3:000000000-B9JT7:1:1103:26153:97611:N:0:1;size=3;	a64ab751b69ad1c2dc45814951dd0b3fce5c88aa;Micromonas	100.000	313	0	0	1	313	1	313	4.75e-166	579
M02215:3:000000000-B9JT7:1:1104:21438:204801:N:0:1;size=16;	43cdd9bcff01e80713af243417de400f0b175a07;Dictyocha	100.000	313	0	0	1	313	1	313	4.71e-166	579
M02215:3:000000000-B9JT7:1:1104:5375:95671:N:0:1;size=3;	a64ab751b69ad1c2dc45814951dd0b3fce5c88aa;Micromonas	100.000	313	0	0	1	313	1	313	4.75e-166	579
M02215:3:000000000-B9JT7:1:1105:15581:68211:N:0:1;size=5;	d92752cfdd8fd1a32b49db69adb3e1e7a3b4e8cc;Cyclotella	99.681	313	1	0	1	313	1	313	2.10e-164	573
M02215:3:000000000-B9JT7:1:1105:16309:184511:N:0:1;size=3;	b1a34b52e9dbe50cc0e7728a1c7595dcf1351f25;Littorina	100.000	313	0	0	1	313	1	313	4.75e-166	579
M02215:3:000000000-B9JT7:1:1105:20847:143561:N:0:1;size=5;	dbcb76e1d0fba2cbbb336683406048a5aa2f5fce;Corynidae	100.000	313	0	0	1	313	1	313	4.75e-166	579
M02215:3:000000000-B9JT7:1:1105:25378:228091:N:0:1;size=5;	d92752cfdd8fd1a32b49db69adb3e1e7a3b4e8cc;Cyclotella	99.681	313	1	0	1	313	1	313	2.21e-164	573
M02215:3:000000000-B9JT7:1:1106:11772:238111:N:0:1;size=5;	d92752cfdd8fd1a32b49db69adb3e1e7a3b4e8cc;Cyclotella	99.681	313	1	0	1	313	1	313	1.99e-164	573
M02215:3:000000000-B9JT7:1:1106:20649:206671:N:0:1;size=5;	d92752cfdd8fd1a32b49db69adb3e1e7a3b4e8cc;Cyclotella	99.361	313	2	0	1	313	1	313	1.03e-162	568
M02215:3:000000000-B9JT7:1:1106:22829:243011:N:0:1;size=8;	dbcb76e1d0fba2cbbb336683406048a5aa2f5fce;Corynidae	100.000	313	0	0	1	313	1	313	4.75e-166	579
M02215:3:000000000-B9JT7:1:1106:24069:156051:N:0:1;size=7;	d92752cfdd8fd1a32b49db69adb3e1e7a3b4e8cc;Cyclotella	99.681	313	1	0	1	313	1	313	2.12e-164	573
M02215:3:000000000-B9JT7:1:1106:6879:91071:N:0:1;size=3;	d92752cfdd8fd1a32b49db69adb3e1e7a3b4e8cc;Cyclotella	99.681	313	1	0	1	313	1	313	2.12e-164	573
M02215:3:000000000-B9JT7:1:1106:6898:135461:N:0:1;size=3;	882bcbeccf43f6ad24cd4dddc65e79df5feeaa78;Bathycoccus	98.792	331	3	1	2	332	2	331	7.82e-169	588
M02215:3:000000000-B9JT7:1:1107:11220:78441:N:0:1;size=3;	a64ab751b69ad1c2dc45814951dd0b3fce5c88aa;Micromonas	100.000	313	0	0	1	313	1	313	4.75e-166	579
M02215:3:000000000-B9JT7:1:1107:21728:195901:N:0:1;size=3;	d92752cfdd8fd1a32b49db69adb3e1e7a3b4e8cc;Cyclotella	99.681	313	1	0	1	313	1	313	2.00e-164	573
M02215:3:000000000-B9JT7:1:1107:25641:71131:N:0:1;size=3;	882bcbeccf43f6ad24cd4dddc65e79df5feeaa78;Bathycoccus	98.810	336	4	0	1	336	1	336	3.65e-172	599
M02215:3:000000000-B9JT7:1:1107:28030:102861:N:0:1;size=5;	dbcb76e1d0fba2cbbb336683406048a5aa2f5fce;Corynidae	100.000	313	0	0	1	313	1	313	4.75e-166	579
M02215:3:000000000-B9JT7:1:1107:6049:251281:N:0:1;size=8;	dbcb76e1d0fba2cbbb336683406048a5aa2f5fce;Corynidae	100.000	313	0	0	1	313	1	313	4.71e-166	579
M02215:3:000000000-B9JT7:1:1108:13979:280061:N:0:1;size=3;	dbcb76e1d0fba2cbbb336683406048a5aa2f5fce;Corynidae	100.000	313	0	0	1	313	1	313	4.75e-166	579
M02215:3:000000000-B9JT7:1:1108:20332:106591:N:0:1;size=3;	b1a34b52e9dbe50cc0e7728a1c7595dcf1351f25;Littorina	100.000	313	0	0	1	313	1	313	4.75e-166	579
M02215:3:000000000-B9JT7:1:1108:7432:212121:N:0:1;size=7;	43cdd9bcff01e80713af243417de400f0b175a07;Dictyocha	100.000	313	0	0	1	313	1	313	4.75e-166	579
M02215:3:000000000-B9JT7:1:1110:25453:127851:N:0:1;size=3;	43cdd9bcff01e80713af243417de400f0b175a07;Dictyocha	100.000	313	0	0	1	313	1	313	4.71e-166	579
M02215:3:000000000-B9JT7:1:1111:12496:236511:N:0:1;size=3;	d92752cfdd8fd1a32b49db69adb3e1e7a3b4e8cc;Cyclotella	99.681	313	1	0	1	313	1	313	2.14e-164	573
M02215:3:000000000-B9JT7:1:1111:12983:79121:N:0:1;size=9;	a64ab751b69ad1c2dc45814951dd0b3fce5c88aa;Micromonas	100.000	313	0	0	1	313	1	313	4.75e-166	579
M02215:3:000000000-B9JT7:1:1111:20932:223371:N:0:1;size=3;	a64ab751b69ad1c2dc45814951dd0b3fce5c88aa;Micromonas	100.000	313	0	0	1	313	1	313	4.75e-166	579
M02215:3:000000000-B9JT7:1:1111:21578:195621:N:0:1;size=5;	dbcb76e1d0fba2cbbb336683406048a5aa2f5fce;Corynidae	100.000	313	0	0	1	313	1	313	4.75e-166	579
M02215:3:000000000-B9JT7:1:1111:23361:209091:N:0:1;size=5;	43cdd9bcff01e80713af243417de400f0b175a07;Dictyocha	100.000	313	0	0	1	313	1	313	4.75e-166	579
M02215:3:000000000-B9JT7:1:1111:8523:141141:N:0:1;size=3;	d92752cfdd8fd1a32b49db69adb3e1e7a3b4e8cc;Cyclotella	99.361	313	2	0	1	313	1	313	1.03e-162	568
M02215:3:000000000-B9JT7:1:1112:19084:105211:N:0:1;size=3;	d92752cfdd8fd1a32b49db69adb3e1e7a3b4e8cc;Cyclotella	99.361	313	2	0	1	313	1	313	1.03e-162	568
M02215:3:000000000-B9JT7:1:1112:28928:176701:N:0:1;size=3;	b1a34b52e9dbe50cc0e7728a1c7595dcf1351f25;Littorina	100.000	313	0	0	1	313	1	313	4.75e-166	579
M02215:3:000000000-B9JT7:1:1112:4420:129571:N:0:1;size=5;	43cdd9bcff01e80713af243417de400f0b175a07;Dictyocha	100.000	313	0	0	1	313	1	313	4.75e-166	579
M02215:3:000000000-B9JT7:1:2101:22759:75011:N:0:1;size=3;	b1a34b52e9dbe50cc0e7728a1c7595dcf1351f25;Littorina	100.000	313	0	0	1	313	1	313	4.75e-166	579
M02215:3:000000000-B9JT7:1:2102:25359:196451:N:0:1;size=3;	b1a34b52e9dbe50cc0e7728a1c7595dcf1351f25;Littorina	100.000	313	0	0	1	313	1	313	4.75e-166	579
M02215:3:000000000-B9JT7:1:2105:16854:272181:N:0:1;size=5;	a64ab751b69ad1c2dc45814951dd0b3fce5c88aa;Micromonas	100.000	313	0	0	1	313	1	313	4.75e-166	579
M02215:3:000000000-B9JT7:1:1101:10078:66301:N:0:1;size=2;	74bd536a982117e99a75e40240e0e3b1b1f81a5c;Triparma	100.000	313	0	0	1	313	1	313	4.75e-166	579
M02215:3:000000000-B9JT7:1:1101:14083:278521:N:0:1;size=6;	b1a34b52e9dbe50cc0e7728a1c7595dcf1351f25;Littorina	100.000	313	0	0	1	313	1	313	4.75e-166	579
M02215:3:000000000-B9JT7:1:1101:15255:85631:N:0:1;size=2;	882bcbeccf43f6ad24cd4dddc65e79df5feeaa78;Bathycoccus	99.390	328	2	0	3	330	3	330	4.72e-171	595
M02215:3:000000000-B9JT7:1:1101:19674:93751:N:0:1;size=2;	43cdd9bcff01e80713af243417de400f0b175a07;Dictyocha	100.000	313	0	0	1	313	1	313	4.75e-166	579
M02215:3:000000000-B9JT7:1:1101:19785:217291:N:0:1;size=2;	b1a34b52e9dbe50cc0e7728a1c7595dcf1351f25;Littorina	100.000	313	0	0	1	313	1	313	4.75e-166	579
M02215:3:000000000-B9JT7:1:1101:19938:113391:N:0:1;size=2;	b1a34b52e9dbe50cc0e7728a1c7595dcf1351f25;Littorina	100.000	313	0	0	1	313	1	313	4.75e-166	579
M02215:3:000000000-B9JT7:1:1101:20982:159171:N:0:1;size=2;	882bcbeccf43f6ad24cd4dddc65e79df5feeaa78;Bathycoccus	97.015	335	10	0	2	336	2	336	1.33e-161	564
M02215:3:000000000-B9JT7:1:1101:22483:74261:N:0:1;size=2;	a64ab751b69ad1c2dc45814951dd0b3fce5c88aa;Micromonas	100.000	313	0	0	1	313	1	313	4.75e-166	579
M02215:3:000000000-B9JT7:1:1101:22733:122101:N:0:1;size=2;	a68693b3043b9d50a8c7e70db541da55c9a7d24d;Pseudocalanus	99.681	313	1	0	1	313	1	313	2.21e-164	573
M02215:3:000000000-B9JT7:1:1101:23370:147031:N:0:1;size=2;	12b98cb34776b20c1af3092b34deaa79d36c190a;Maculaura	99.684	316	1	0	1	316	1	316	4.80e-166	579
M02215:3:000000000-B9JT7:1:1101:23371:172761:N:0:1;size=8;	43cdd9bcff01e80713af243417de400f0b175a07;Dictyocha	100.000	313	0	0	1	313	1	313	4.75e-166	579
M02215:3:000000000-B9JT7:1:1101:24149:183141:N:0:1;size=2;	6f98e637735b187cd156c79b8f022a0bc63d5fc5;Micromonas	100.000	313	0	0	1	313	1	313	4.75e-166	579
M02215:3:000000000-B9JT7:1:1101:27976:215731:N:0:1;size=4;	a64ab751b69ad1c2dc45814951dd0b3fce5c88aa;Micromonas	100.000	313	0	0	1	313	1	313	4.75e-166	579
M02215:3:000000000-B9JT7:1:1101:28952:184561:N:0:1;size=2;	b1a34b52e9dbe50cc0e7728a1c7595dcf1351f25;Littorina	100.000	313	0	0	1	313	1	313	4.75e-166	579
M02215:3:000000000-B9JT7:1:1101:5471:156581:N:0:1;size=2;	43cdd9bcff01e80713af243417de400f0b175a07;Dictyocha	100.000	313	0	0	1	313	1	313	4.75e-166	579
M02215:3:000000000-B9JT7:1:1101:5721:144731:N:0:1;size=2;	882bcbeccf43f6ad24cd4dddc65e79df5feeaa78;Bathycoccus	98.512	336	5	0	1	336	1	336	1.70e-170	593
M02215:3:000000000-B9JT7:1:1101:6686:184871:N:0:1;size=2;	6ab38eefaca96b58db2889ba8b9dcd7048db36a0;Bathycoccus	88.215	297	35	0	1	297	1	297	8.72e-99	355
M02215:3:000000000-B9JT7:1:1101:8640:178821:N:0:1;size=2;	43cdd9bcff01e80713af243417de400f0b175a07;Dictyocha	100.000	313	0	0	1	313	1	313	4.75e-166	579
M02215:3:000000000-B9JT7:1:1102:12630:145981:N:0:1;size=2;	b1a34b52e9dbe50cc0e7728a1c7595dcf1351f25;Littorina	100.000	313	0	0	1	313	1	313	4.75e-166	579
M02215:3:000000000-B9JT7:1:1102:14327:143711:N:0:1;size=2;	b1a34b52e9dbe50cc0e7728a1c7595dcf1351f25;Littorina	100.000	313	0	0	1	313	1	313	4.75e-166	579
M02215:3:000000000-B9JT7:1:1102:16741:84971:N:0:1;size=2;	d92752cfdd8fd1a32b49db69adb3e1e7a3b4e8cc;Cyclotella	99.042	313	3	0	1	313	1	313	4.77e-161	562
M02215:3:000000000-B9JT7:1:1102:16887:20191:N:0:1;size=2;	cc1f2585409c2b86a09024d8f588367fd35f05e7;Calanoida	99.361	313	2	0	1	313	1	313	1.03e-162	568
M02215:3:000000000-B9JT7:1:1102:18331:190891:N:0:1;size=2;	d92752cfdd8fd1a32b49db69adb3e1e7a3b4e8cc;Cyclotella	99.655	290	1	0	24	313	24	313	1.35e-151	531
M02215:3:000000000-B9JT7:1:1102:18544:148891:N:0:1;size=2;	b1a34b52e9dbe50cc0e7728a1c7595dcf1351f25;Littorina	100.000	313	0	0	1	313	1	313	4.75e-166	579
M02215:3:000000000-B9JT7:1:1102:21313:156481:N:0:1;size=2;	a68693b3043b9d50a8c7e70db541da55c9a7d24d;Pseudocalanus	99.361	313	2	0	1	313	1	313	1.03e-162	568
M02215:3:000000000-B9JT7:1:1102:3446:166161:N:0:1;size=2;	dbcb76e1d0fba2cbbb336683406048a5aa2f5fce;Corynidae	100.000	313	0	0	1	313	1	313	4.75e-166	579
M02215:3:000000000-B9JT7:1:1102:3746:103791:N:0:1;size=2;	882bcbeccf43f6ad24cd4dddc65e79df5feeaa78;Bathycoccus	97.264	329	9	0	2	330	2	330	6.19e-160	558
M02215:3:000000000-B9JT7:1:1102:5821:248251:N:0:1;size=2;	882bcbeccf43f6ad24cd4dddc65e79df5feeaa78;Bathycoccus	98.788	330	4	0	1	330	1	330	7.90e-169	588
M02215:3:000000000-B9JT7:1:1102:7542:98111:N:0:1;size=2;	882bcbeccf43f6ad24cd4dddc65e79df5feeaa78;Bathycoccus	99.405	336	2	0	1	336	1	336	1.69e-175	610
M02215:3:000000000-B9JT7:1:1103:10673:134121:N:0:1;size=6;	43cdd9bcff01e80713af243417de400f0b175a07;Dictyocha	100.000	313	0	0	1	313	1	313	4.75e-166	579
M02215:3:000000000-B9JT7:1:1103:11486:101271:N:0:1;size=2;	6f98e637735b187cd156c79b8f022a0bc63d5fc5;Micromonas	100.000	313	0	0	1	313	1	313	4.71e-166	579
M02215:3:000000000-B9JT7:1:1103:11561:68761:N:0:1;size=4;	43cdd9bcff01e80713af243417de400f0b175a07;Dictyocha	100.000	313	0	0	1	313	1	313	4.75e-166	579
M02215:3:000000000-B9JT7:1:1103:11570:103761:N:0:1;size=2;	dbcb76e1d0fba2cbbb336683406048a5aa2f5fce;Corynidae	100.000	313	0	0	1	313	1	313	4.75e-166	579
M02215:3:000000000-B9JT7:1:1103:12970:187641:N:0:1;size=2;	d92752cfdd8fd1a32b49db69adb3e1e7a3b4e8cc;Cyclotella	99.361	313	2	0	1	313	1	313	1.03e-162	568
M02215:3:000000000-B9JT7:1:1103:16931:266111:N:0:1;size=2;	dbcb76e1d0fba2cbbb336683406048a5aa2f5fce;Corynidae	100.000	313	0	0	1	313	1	313	4.75e-166	579
M02215:3:000000000-B9JT7:1:1103:16991:112011:N:0:1;size=2;	31973166459e240fc4763b6724e6c06b73487666;Arrhinactia	99.042	313	3	0	1	313	1	313	4.79e-161	562
M02215:3:000000000-B9JT7:1:1103:19398:241161:N:0:1;size=2;	dbcb76e1d0fba2cbbb336683406048a5aa2f5fce;Corynidae	100.000	313	0	0	1	313	1	313	4.75e-166	579
M02215:3:000000000-B9JT7:1:1103:21864:66001:N:0:1;size=2;	882bcbeccf43f6ad24cd4dddc65e79df5feeaa78;Bathycoccus	98.788	330	4	0	1	330	1	330	7.90e-169	588
M02215:3:000000000-B9JT7:1:1103:22389:88811:N:0:1;size=6;	dbcb76e1d0fba2cbbb336683406048a5aa2f5fce;Corynidae	100.000	313	0	0	1	313	1	313	4.75e-166	579
M02215:3:000000000-B9JT7:1:1103:22775:139921:N:0:1;size=2;	59bb3f22cccead4517f8c14e340318eea06148d2;Arrhinactia	99.042	313	3	0	1	313	1	313	4.79e-161	562
M02215:3:000000000-B9JT7:1:1103:23739:39431:N:0:1;size=2;	b1a34b52e9dbe50cc0e7728a1c7595dcf1351f25;Littorina	100.000	313	0	0	1	313	1	313	4.75e-166	579
M02215:3:000000000-B9JT7:1:1103:4032:214101:N:0:1;size=2;	882bcbeccf43f6ad24cd4dddc65e79df5feeaa78;Bathycoccus	98.214	336	6	0	1	336	1	336	7.90e-169	588
M02215:3:000000000-B9JT7:1:1103:4509:144701:N:0:1;size=2;	d6901155dbdc146a97f8baf6ed6e2e857e17141b;Synchaeta	100.000	316	0	0	1	316	1	316	1.03e-167	584
M02215:3:000000000-B9JT7:1:1104:12526:150541:N:0:1;size=2;	bc7798d3a55901fe59d6bb982bb5e6ab5a08c019;Holometabola	100.000	313	0	0	1	313	1	313	4.75e-166	579
M02215:3:000000000-B9JT7:1:1104:12628:139491:N:0:1;size=2;	882bcbeccf43f6ad24cd4dddc65e79df5feeaa78;Bathycoccus	98.810	336	4	0	1	336	1	336	3.65e-172	599
M02215:3:000000000-B9JT7:1:1104:14165:129951:N:0:1;size=2;	a64ab751b69ad1c2dc45814951dd0b3fce5c88aa;Micromonas	100.000	313	0	0	1	313	1	313	4.75e-166	579
M02215:3:000000000-B9JT7:1:1104:16957:193961:N:0:1;size=2;	b1a34b52e9dbe50cc0e7728a1c7595dcf1351f25;Littorina	100.000	313	0	0	1	313	1	313	4.75e-166	579
M02215:3:000000000-B9JT7:1:1104:18702:188451:N:0:1;size=4;	43cdd9bcff01e80713af243417de400f0b175a07;Dictyocha	100.000	313	0	0	1	313	1	313	4.75e-166	579
M02215:3:000000000-B9JT7:1:1104:19345:249731:N:0:1;size=2;	882bcbeccf43f6ad24cd4dddc65e79df5feeaa78;Bathycoccus	98.512	336	5	0	1	336	1	336	1.69e-170	593
M02215:3:000000000-B9JT7:1:1104:22054:225101:N:0:1;size=2;	74bd536a982117e99a75e40240e0e3b1b1f81a5c;Triparma	100.000	313	0	0	1	313	1	313	4.75e-166	579
M02215:3:000000000-B9JT7:1:1104:22551:73561:N:0:1;size=2;	882bcbeccf43f6ad24cd4dddc65e79df5feeaa78;Bathycoccus	98.235	340	6	0	1	340	1	340	4.72e-171	595
M02215:3:000000000-B9JT7:1:1104:24110:190101:N:0:1;size=2;	69a16b54fda2d1a3865ffd17f8a1160cd50408b8;Mazzaella	87.580	314	35	3	1	312	1	312	1.87e-100	361
M02215:3:000000000-B9JT7:1:1104:24461:173021:N:0:1;size=2;	43cdd9bcff01e80713af243417de400f0b175a07;Dictyocha	100.000	313	0	0	1	313	1	313	4.75e-166	579
M02215:3:000000000-B9JT7:1:1104:2611:153061:N:0:1;size=2;	dbcb76e1d0fba2cbbb336683406048a5aa2f5fce;Corynidae	100.000	313	0	0	1	313	1	313	4.46e-166	579
M02215:3:000000000-B9JT7:1:1104:27757:156361:N:0:1;size=2;	43cdd9bcff01e80713af243417de400f0b175a07;Dictyocha	100.000	313	0	0	1	313	1	313	4.75e-166	579
M02215:3:000000000-B9JT7:1:1104:3579:126171:N:0:1;size=2;	31973166459e240fc4763b6724e6c06b73487666;Arrhinactia	100.000	313	0	0	1	313	1	313	4.75e-166	579
M02215:3:000000000-B9JT7:1:1104:6870:248391:N:0:1;size=2;	882bcbeccf43f6ad24cd4dddc65e79df5feeaa78;Bathycoccus	100.000	318	0	0	1	318	1	318	7.22e-169	588
M02215:3:000000000-B9JT7:1:1104:7209:160781:N:0:1;size=2;	882bcbeccf43f6ad24cd4dddc65e79df5feeaa78;Bathycoccus	97.917	336	7	0	1	336	1	336	3.67e-167	582
M02215:3:000000000-B9JT7:1:1104:9556:32371:N:0:1;size=4;	b1a34b52e9dbe50cc0e7728a1c7595dcf1351f25;Littorina	100.000	313	0	0	1	313	1	313	4.75e-166	579
M02215:3:000000000-B9JT7:1:1105:11013:247241:N:0:1;size=2;	d92752cfdd8fd1a32b49db69adb3e1e7a3b4e8cc;Cyclotella	99.361	313	2	0	1	313	1	313	1.03e-162	568
M02215:3:000000000-B9JT7:1:1105:11439:47241:N:0:1;size=2;	b1a34b52e9dbe50cc0e7728a1c7595dcf1351f25;Littorina	100.000	313	0	0	1	313	1	313	4.75e-166	579
M02215:3:000000000-B9JT7:1:1105:11769:165691:N:0:1;size=2;	b1a34b52e9dbe50cc0e7728a1c7595dcf1351f25;Littorina	100.000	313	0	0	1	313	1	313	4.75e-166	579
M02215:3:000000000-B9JT7:1:1105:12929:160581:N:0:1;size=2;	882bcbeccf43f6ad24cd4dddc65e79df5feeaa78;Bathycoccus	98.788	330	4	0	1	330	1	330	7.68e-169	588
M02215:3:000000000-B9JT7:1:1105:16451:74811:N:0:1;size=2;	b1a34b52e9dbe50cc0e7728a1c7595dcf1351f25;Littorina	100.000	313	0	0	1	313	1	313	4.75e-166	579
M02215:3:000000000-B9JT7:1:1105:17431:136821:N:0:1;size=2;	882bcbeccf43f6ad24cd4dddc65e79df5feeaa78;Bathycoccus	99.091	330	2	1	3	332	3	331	6.10e-170	592
M02215:3:000000000-B9JT7:1:1105:19201:61421:N:0:1;size=2;	a64ab751b69ad1c2dc45814951dd0b3fce5c88aa;Micromonas	100.000	313	0	0	1	313	1	313	4.75e-166	579
M02215:3:000000000-B9JT7:1:1105:19495:19601:N:0:1;size=2;	b1a34b52e9dbe50cc0e7728a1c7595dcf1351f25;Littorina	100.000	313	0	0	1	313	1	313	4.75e-166	579
M02215:3:000000000-B9JT7:1:1105:21096:46171:N:0:1;size=2;	dbcb76e1d0fba2cbbb336683406048a5aa2f5fce;Corynidae	100.000	313	0	0	1	313	1	313	4.75e-166	579
M02215:3:000000000-B9JT7:1:1105:21936:76981:N:0:1;size=2;	b1a34b52e9dbe50cc0e7728a1c7595dcf1351f25;Littorina	100.000	313	0	0	1	313	1	313	4.75e-166	579
M02215:3:000000000-B9JT7:1:1105:22288:85661:N:0:1;size=2;	dbcb76e1d0fba2cbbb336683406048a5aa2f5fce;Corynidae	100.000	313	0	0	1	313	1	313	4.75e-166	579
M02215:3:000000000-B9JT7:1:1105:23361:175821:N:0:1;size=2;	d92752cfdd8fd1a32b49db69adb3e1e7a3b4e8cc;Cyclotella	99.361	313	2	0	1	313	1	313	9.88e-163	568
M02215:3:000000000-B9JT7:1:1105:23456:203461:N:0:1;size=2;	882bcbeccf43f6ad24cd4dddc65e79df5feeaa78;Bathycoccus	99.091	330	3	0	1	330	1	330	1.70e-170	593
M02215:3:000000000-B9JT7:1:1105:25962:183221:N:0:1;size=2;	882bcbeccf43f6ad24cd4dddc65e79df5feeaa78;Bathycoccus	97.941	340	7	0	1	340	1	340	2.17e-169	590
M02215:3:000000000-B9JT7:1:1105:25988:157561:N:0:1;size=2;	882bcbeccf43f6ad24cd4dddc65e79df5feeaa78;Bathycoccus	99.697	330	1	0	1	330	1	330	7.84e-174	604
M02215:3:000000000-B9JT7:1:1105:26143:109251:N:0:1;size=2;	d92752cfdd8fd1a32b49db69adb3e1e7a3b4e8cc;Cyclotella	99.681	313	1	0	1	313	1	313	2.21e-164	573
M02215:3:000000000-B9JT7:1:1105:9444:68231:N:0:1;size=2;	43cdd9bcff01e80713af243417de400f0b175a07;Dictyocha	100.000	313	0	0	1	313	1	313	4.75e-166	579
M02215:3:000000000-B9JT7:1:1106:10158:272991:N:0:1;size=2;	dbcb76e1d0fba2cbbb336683406048a5aa2f5fce;Corynidae	100.000	313	0	0	1	313	1	313	4.75e-166	579
M02215:3:000000000-B9JT7:1:1106:11118:54941:N:0:1;size=4;	b1a34b52e9dbe50cc0e7728a1c7595dcf1351f25;Littorina	100.000	313	0	0	1	313	1	313	4.75e-166	579
M02215:3:000000000-B9JT7:1:1106:12224:63591:N:0:1;size=2;	882bcbeccf43f6ad24cd4dddc65e79df5feeaa78;Bathycoccus	98.214	336	6	0	1	336	1	336	7.90e-169	588
M02215:3:000000000-B9JT7:1:1106:15154:144591:N:0:1;size=2;	a64ab751b69ad1c2dc45814951dd0b3fce5c88aa;Micromonas	100.000	312	0	0	2	313	2	313	1.71e-165	577
M02215:3:000000000-B9JT7:1:1106:15548:248051:N:0:1;size=2;	f8cc939e969331c93d31ef139a62816b20d1e395;Phytophthora	100.000	313	0	0	1	313	1	313	4.75e-166	579
M02215:3:000000000-B9JT7:1:1106:15989:37381:N:0:1;size=2;	43cdd9bcff01e80713af243417de400f0b175a07;Dictyocha	100.000	313	0	0	1	313	1	313	4.75e-166	579
M02215:3:000000000-B9JT7:1:1106:17849:248381:N:0:1;size=4;	882bcbeccf43f6ad24cd4dddc65e79df5feeaa78;Bathycoccus	98.810	336	4	0	1	336	1	336	3.55e-172	599
M02215:3:000000000-B9JT7:1:1106:18281:159041:N:0:1;size=2;	a64ab751b69ad1c2dc45814951dd0b3fce5c88aa;Micromonas	100.000	313	0	0	1	313	1	313	4.75e-166	579
M02215:3:000000000-B9JT7:1:1106:18617:19171:N:0:1;size=2;	a64ab751b69ad1c2dc45814951dd0b3fce5c88aa;Micromonas	100.000	313	0	0	1	313	1	313	4.75e-166	579
M02215:3:000000000-B9JT7:1:1106:19390:277931:N:0:1;size=6;	b1a34b52e9dbe50cc0e7728a1c7595dcf1351f25;Littorina	100.000	313	0	0	1	313	1	313	4.75e-166	579
M02215:3:000000000-B9JT7:1:1106:19505:268071:N:0:1;size=2;	d92752cfdd8fd1a32b49db69adb3e1e7a3b4e8cc;Cyclotella	99.681	313	1	0	1	313	1	313	2.21e-164	573
M02215:3:000000000-B9JT7:1:1106:22620:151571:N:0:1;size=2;	c97e203113b40b77e44612c1d6e835474a9ddfac;Bathycoccus	100.000	313	0	0	1	313	1	313	4.75e-166	579
M02215:3:000000000-B9JT7:1:1106:22831:35871:N:0:1;size=2;	882bcbeccf43f6ad24cd4dddc65e79df5feeaa78;Bathycoccus	98.788	330	4	0	1	330	1	330	7.90e-169	588
M02215:3:000000000-B9JT7:1:1106:28141:193581:N:0:1;size=4;	d92752cfdd8fd1a32b49db69adb3e1e7a3b4e8cc;Cyclotella	99.681	313	1	0	1	313	1	313	2.21e-164	573
M02215:3:000000000-B9JT7:1:1106:3522:193841:N:0:1;size=2;	43cdd9bcff01e80713af243417de400f0b175a07;Dictyocha	100.000	313	0	0	1	313	1	313	4.75e-166	579
M02215:3:000000000-B9JT7:1:1106:3665:143601:N:0:1;size=2;	954c2d6a54f3a580cb8173b46bb5997143517f0e;Bathycoccus	95.192	312	15	0	2	313	2	313	1.77e-140	494
M02215:3:000000000-B9JT7:1:1106:6235:172791:N:0:1;size=2;	882bcbeccf43f6ad24cd4dddc65e79df5feeaa78;Bathycoccus	99.091	330	3	0	1	330	1	330	1.61e-170	593
M02215:3:000000000-B9JT7:1:1106:6831:65081:N:0:1;size=4;	882bcbeccf43f6ad24cd4dddc65e79df5feeaa78;Bathycoccus	97.917	336	7	0	1	336	1	336	3.67e-167	582
M02215:3:000000000-B9JT7:1:1107:12529:21821:N:0:1;size=2;	74bd536a982117e99a75e40240e0e3b1b1f81a5c;Triparma	100.000	313	0	0	1	313	1	313	4.75e-166	579
M02215:3:000000000-B9JT7:1:1107:12868:207741:N:0:1;size=2;	69c4eac0c7ef851bdec40d77bfc62181597cb108;Phaeocystis	89.103	312	34	0	1	312	1	312	8.60e-109	388
M02215:3:000000000-B9JT7:1:1107:14568:192171:N:0:1;size=2;	a64ab751b69ad1c2dc45814951dd0b3fce5c88aa;Micromonas	100.000	313	0	0	1	313	1	313	4.75e-166	579
M02215:3:000000000-B9JT7:1:1107:14726:108401:N:0:1;size=2;	6f98e637735b187cd156c79b8f022a0bc63d5fc5;Micromonas	100.000	313	0	0	1	313	1	313	4.71e-166	579
M02215:3:000000000-B9JT7:1:1107:15037:267901:N:0:1;size=2;	43cdd9bcff01e80713af243417de400f0b175a07;Dictyocha	100.000	313	0	0	1	313	1	313	4.75e-166	579
M02215:3:000000000-B9JT7:1:1107:15542:62641:N:0:1;size=2;	43cdd9bcff01e80713af243417de400f0b175a07;Dictyocha	100.000	313	0	0	1	313	1	313	4.75e-166	579
M02215:3:000000000-B9JT7:1:1107:15828:132331:N:0:1;size=2;	6f98e637735b187cd156c79b8f022a0bc63d5fc5;Micromonas	100.000	313	0	0	1	313	1	313	4.75e-166	579
M02215:3:000000000-B9JT7:1:1107:18331:225571:N:0:1;size=2;	f6d8419fb1bae74e6b47e71e101be681b3cad570;Bathycoccus	100.000	313	0	0	1	313	1	313	4.75e-166	579
M02215:3:000000000-B9JT7:1:1107:18978:132691:N:0:1;size=2;	43cdd9bcff01e80713af243417de400f0b175a07;Dictyocha	100.000	313	0	0	1	313	1	313	4.71e-166	579
M02215:3:000000000-B9JT7:1:1107:20041:121571:N:0:1;size=2;	cbfc5a373ffba1442245708d2904af20c6c637e9;Braconidae	100.000	313	0	0	1	313	1	313	4.75e-166	579
M02215:3:000000000-B9JT7:1:1107:22703:241191:N:0:1;size=2;	a4c5abb6f8cf3f8e1f96fcd812149a53baef88bd;Micromonas	94.888	313	16	0	1	313	1	313	2.29e-139	490
M02215:3:000000000-B9JT7:1:1107:24433:55611:N:0:1;size=2;	dbcb76e1d0fba2cbbb336683406048a5aa2f5fce;Corynidae	100.000	313	0	0	1	313	1	313	4.71e-166	579
M02215:3:000000000-B9JT7:1:1107:26797:230901:N:0:1;size=2;	74bd536a982117e99a75e40240e0e3b1b1f81a5c;Triparma	100.000	313	0	0	1	313	1	313	4.75e-166	579
M02215:3:000000000-B9JT7:1:1107:28224:158411:N:0:1;size=2;	d92752cfdd8fd1a32b49db69adb3e1e7a3b4e8cc;Cyclotella	99.681	313	1	0	1	313	1	313	2.18e-164	573
M02215:3:000000000-B9JT7:1:1107:4069:183001:N:0:1;size=2;	dbcb76e1d0fba2cbbb336683406048a5aa2f5fce;Corynidae	100.000	313	0	0	1	313	1	313	4.75e-166	579
M02215:3:000000000-B9JT7:1:1107:5925:125061:N:0:1;size=2;	882bcbeccf43f6ad24cd4dddc65e79df5feeaa78;Bathycoccus	99.107	336	3	0	1	336	1	336	7.84e-174	604
M02215:3:000000000-B9JT7:1:1107:9999:134091:N:0:1;size=2;	d92752cfdd8fd1a32b49db69adb3e1e7a3b4e8cc;Cyclotella	99.361	313	2	0	1	313	1	313	1.02e-162	568
M02215:3:000000000-B9JT7:1:1108:10785:136241:N:0:1;size=2;	2eb773a13de7887b9598bc2cb106413dbe9424d4;Balanus	99.681	313	1	0	1	313	1	313	2.19e-164	573
M02215:3:000000000-B9JT7:1:1108:10827:133501:N:0:1;size=2;	74bd536a982117e99a75e40240e0e3b1b1f81a5c;Triparma	100.000	313	0	0	1	313	1	313	4.75e-166	579
M02215:3:000000000-B9JT7:1:1108:11078:215421:N:0:1;size=4;	a64ab751b69ad1c2dc45814951dd0b3fce5c88aa;Micromonas	100.000	313	0	0	1	313	1	313	4.75e-166	579
M02215:3:000000000-B9JT7:1:1108:12844:27491:N:0:1;size=2;	882bcbeccf43f6ad24cd4dddc65e79df5feeaa78;Bathycoccus	98.214	336	6	0	1	336	1	336	7.90e-169	588
M02215:3:000000000-B9JT7:1:1108:15645:273611:N:0:1;size=2;	69a16b54fda2d1a3865ffd17f8a1160cd50408b8;Mazzaella	87.580	314	35	3	1	312	1	312	1.87e-100	361
M02215:3:000000000-B9JT7:1:1108:17790:167431:N:0:1;size=2;	d92752cfdd8fd1a32b49db69adb3e1e7a3b4e8cc;Cyclotella	99.042	313	3	0	1	313	1	313	4.79e-161	562
M02215:3:000000000-B9JT7:1:1108:18149:30011:N:0:1;size=2;	43cdd9bcff01e80713af243417de400f0b175a07;Dictyocha	100.000	313	0	0	1	313	1	313	4.71e-166	579
M02215:3:000000000-B9JT7:1:1108:19304:228771:N:0:1;size=2;	2eb773a13de7887b9598bc2cb106413dbe9424d4;Balanus	99.681	313	1	0	1	313	1	313	2.21e-164	573
M02215:3:000000000-B9JT7:1:1108:20067:116931:N:0:1;size=2;	43cdd9bcff01e80713af243417de400f0b175a07;Dictyocha	100.000	313	0	0	1	313	1	313	4.75e-166	579
M02215:3:000000000-B9JT7:1:1108:20260:52601:N:0:1;size=2;	59bb3f22cccead4517f8c14e340318eea06148d2;Arrhinactia	100.000	313	0	0	1	313	1	313	4.75e-166	579
M02215:3:000000000-B9JT7:1:1108:5655:105561:N:0:1;size=2;	cc1f2585409c2b86a09024d8f588367fd35f05e7;Calanoida	99.361	313	2	0	1	313	1	313	1.03e-162	568
M02215:3:000000000-B9JT7:1:1108:8137:189501:N:0:1;size=2;	dbcb76e1d0fba2cbbb336683406048a5aa2f5fce;Corynidae	100.000	313	0	0	1	313	1	313	4.75e-166	579
M02215:3:000000000-B9JT7:1:1108:8900:40511:N:0:1;size=2;	882bcbeccf43f6ad24cd4dddc65e79df5feeaa78;Bathycoccus	99.091	330	3	0	1	330	1	330	1.70e-170	593
M02215:3:000000000-B9JT7:1:1108:9024:172481:N:0:1;size=2;	a64ab751b69ad1c2dc45814951dd0b3fce5c88aa;Micromonas	100.000	313	0	0	1	313	1	313	4.75e-166	579
M02215:3:000000000-B9JT7:1:1109:14833:159411:N:0:1;size=2;	43cdd9bcff01e80713af243417de400f0b175a07;Dictyocha	100.000	313	0	0	1	313	1	313	4.75e-166	579
M02215:3:000000000-B9JT7:1:1109:15428:220681:N:0:1;size=2;	d92752cfdd8fd1a32b49db69adb3e1e7a3b4e8cc;Cyclotella	99.681	313	1	0	1	313	1	313	2.21e-164	573
M02215:3:000000000-B9JT7:1:1109:19485:134871:N:0:1;size=2;	43cdd9bcff01e80713af243417de400f0b175a07;Dictyocha	100.000	313	0	0	1	313	1	313	4.75e-166	579
M02215:3:000000000-B9JT7:1:1109:22193:149921:N:0:1;size=2;	b1a34b52e9dbe50cc0e7728a1c7595dcf1351f25;Littorina	100.000	313	0	0	1	313	1	313	4.75e-166	579
M02215:3:000000000-B9JT7:1:1109:6471:95591:N:0:1;size=2;	dbcb76e1d0fba2cbbb336683406048a5aa2f5fce;Corynidae	100.000	313	0	0	1	313	1	313	4.75e-166	579
M02215:3:000000000-B9JT7:1:1109:8156:139021:N:0:1;size=2;	dbcb76e1d0fba2cbbb336683406048a5aa2f5fce;Corynidae	100.000	313	0	0	1	313	1	313	4.75e-166	579
M02215:3:000000000-B9JT7:1:1109:8746:258211:N:0:1;size=2;	cc0ca924065a3692cc9d26ae7deab83e830df426;Pancrustacea	100.000	313	0	0	1	313	1	313	4.75e-166	579
M02215:3:000000000-B9JT7:1:1109:9956:259021:N:0:1;size=2;	882bcbeccf43f6ad24cd4dddc65e79df5feeaa78;Bathycoccus	98.214	336	6	0	1	336	1	336	7.90e-169	588
M02215:3:000000000-B9JT7:1:1110:13370:273761:N:0:1;size=4;	74bd536a982117e99a75e40240e0e3b1b1f81a5c;Triparma	100.000	313	0	0	1	313	1	313	4.75e-166	579
M02215:3:000000000-B9JT7:1:1110:14004:47761:N:0:1;size=2;	dbcb76e1d0fba2cbbb336683406048a5aa2f5fce;Corynidae	100.000	313	0	0	1	313	1	313	4.75e-166	579
M02215:3:000000000-B9JT7:1:1110:14738:218781:N:0:1;size=2;	882bcbeccf43f6ad24cd4dddc65e79df5feeaa78;Bathycoccus	99.091	330	3	0	1	330	1	330	1.61e-170	593
M02215:3:000000000-B9JT7:1:1110:18322:179901:N:0:1;size=2;	d92752cfdd8fd1a32b49db69adb3e1e7a3b4e8cc;Cyclotella	99.681	313	1	0	1	313	1	313	2.12e-164	573
M02215:3:000000000-B9JT7:1:1110:18545:91631:N:0:1;size=2;	dbcb76e1d0fba2cbbb336683406048a5aa2f5fce;Corynidae	100.000	313	0	0	1	313	1	313	4.75e-166	579
M02215:3:000000000-B9JT7:1:1110:19215:43661:N:0:1;size=2;	a64ab751b69ad1c2dc45814951dd0b3fce5c88aa;Micromonas	100.000	312	0	0	2	313	2	313	1.71e-165	577
M02215:3:000000000-B9JT7:1:1110:20612:218421:N:0:1;size=4;	74bd536a982117e99a75e40240e0e3b1b1f81a5c;Triparma	100.000	313	0	0	1	313	1	313	4.75e-166	579
M02215:3:000000000-B9JT7:1:1110:22131:187131:N:0:1;size=2;	a64ab751b69ad1c2dc45814951dd0b3fce5c88aa;Micromonas	100.000	313	0	0	1	313	1	313	4.75e-166	579
M02215:3:000000000-B9JT7:1:1111:20180:54051:N:0:1;size=2;	dbcb76e1d0fba2cbbb336683406048a5aa2f5fce;Corynidae	100.000	313	0	0	1	313	1	313	4.71e-166	579
M02215:3:000000000-B9JT7:1:1111:23850:112391:N:0:1;size=2;	43cdd9bcff01e80713af243417de400f0b175a07;Dictyocha	100.000	313	0	0	1	313	1	313	4.75e-166	579
M02215:3:000000000-B9JT7:1:1111:25543:162731:N:0:1;size=2;	43cdd9bcff01e80713af243417de400f0b175a07;Dictyocha	100.000	313	0	0	1	313	1	313	4.75e-166	579
M02215:3:000000000-B9JT7:1:1111:4399:145471:N:0:1;size=2;	a64ab751b69ad1c2dc45814951dd0b3fce5c88aa;Micromonas	100.000	313	0	0	1	313	1	313	4.75e-166	579
M02215:3:000000000-B9JT7:1:1112:14513:193221:N:0:1;size=2;	b1a34b52e9dbe50cc0e7728a1c7595dcf1351f25;Littorina	100.000	313	0	0	1	313	1	313	4.75e-166	579
M02215:3:000000000-B9JT7:1:1112:17253:73661:N:0:1;size=2;	31973166459e240fc4763b6724e6c06b73487666;Arrhinactia	99.042	313	3	0	1	313	1	313	4.79e-161	562
M02215:3:000000000-B9JT7:1:1112:19428:45671:N:0:1;size=2;	d18367c45a6f2a5daca84ab8a910baee24d443e5;Arrhinactia	100.000	311	0	0	1	311	1	311	6.11e-165	575
M02215:3:000000000-B9JT7:1:1112:24161:59271:N:0:1;size=2;	74bd536a982117e99a75e40240e0e3b1b1f81a5c;Triparma	100.000	313	0	0	1	313	1	313	4.75e-166	579
M02215:3:000000000-B9JT7:1:1112:24384:151521:N:0:1;size=2;	024cb01e2d0aeadcf445413c5e9c43ded25e848d;Bathycoccus	90.909	297	27	0	1	297	1	297	3.97e-112	399
M02215:3:000000000-B9JT7:1:1112:24579:61021:N:0:1;size=2;	dbcb76e1d0fba2cbbb336683406048a5aa2f5fce;Corynidae	100.000	313	0	0	1	313	1	313	4.75e-166	579
M02215:3:000000000-B9JT7:1:1112:9240:47761:N:0:1;size=2;	c97e203113b40b77e44612c1d6e835474a9ddfac;Bathycoccus	100.000	313	0	0	1	313	1	313	4.75e-166	579
M02215:3:000000000-B9JT7:1:1113:11349:28931:N:0:1;size=2;	b1a34b52e9dbe50cc0e7728a1c7595dcf1351f25;Littorina	100.000	313	0	0	1	313	1	313	4.75e-166	579
M02215:3:000000000-B9JT7:1:1113:12630:179301:N:0:1;size=2;	12b98cb34776b20c1af3092b34deaa79d36c190a;Maculaura	99.684	316	1	0	1	316	1	316	4.80e-166	579
M02215:3:000000000-B9JT7:1:1113:13338:128441:N:0:1;size=2;	b1a34b52e9dbe50cc0e7728a1c7595dcf1351f25;Littorina	100.000	313	0	0	1	313	1	313	4.75e-166	579
M02215:3:000000000-B9JT7:1:1113:21526:86721:N:0:1;size=2;	dbcb76e1d0fba2cbbb336683406048a5aa2f5fce;Corynidae	100.000	313	0	0	1	313	1	313	4.75e-166	579
M02215:3:000000000-B9JT7:1:1113:23654:246251:N:0:1;size=2;	882bcbeccf43f6ad24cd4dddc65e79df5feeaa78;Bathycoccus	98.780	328	4	0	1	328	1	328	9.59e-168	584
M02215:3:000000000-B9JT7:1:1113:27992:148711:N:0:1;size=2;	2eb773a13de7887b9598bc2cb106413dbe9424d4;Balanus	99.681	313	1	0	1	313	1	313	2.21e-164	573
M02215:3:000000000-B9JT7:1:1113:8412:72421:N:0:1;size=2;	b1a34b52e9dbe50cc0e7728a1c7595dcf1351f25;Littorina	100.000	313	0	0	1	313	1	313	4.75e-166	579
M02215:3:000000000-B9JT7:1:1113:8671:118191:N:0:1;size=2;	d92752cfdd8fd1a32b49db69adb3e1e7a3b4e8cc;Cyclotella	99.361	313	2	0	1	313	1	313	9.88e-163	568
M02215:3:000000000-B9JT7:1:1113:9422:110131:N:0:1;size=2;	31973166459e240fc4763b6724e6c06b73487666;Arrhinactia	99.042	313	3	0	1	313	1	313	4.79e-161	562
M02215:3:000000000-B9JT7:1:1114:11531:259231:N:0:1;size=2;	9402a7067c5f07e093e31adf849318245f495bb9;Micromonas	100.000	313	0	0	1	313	1	313	4.75e-166	579
M02215:3:000000000-B9JT7:1:1114:11952:265041:N:0:1;size=2;	d92752cfdd8fd1a32b49db69adb3e1e7a3b4e8cc;Cyclotella	99.361	313	2	0	1	313	1	313	9.60e-163	568
M02215:3:000000000-B9JT7:1:1114:15203:244601:N:0:1;size=2;	a4c5abb6f8cf3f8e1f96fcd812149a53baef88bd;Micromonas	99.357	311	2	0	3	313	3	313	1.33e-161	564
M02215:3:000000000-B9JT7:1:1114:22230:34751:N:0:1;size=2;	a64ab751b69ad1c2dc45814951dd0b3fce5c88aa;Micromonas	100.000	313	0	0	1	313	1	313	4.75e-166	579
M02215:3:000000000-B9JT7:1:1114:9752:223151:N:0:1;size=2;	a64ab751b69ad1c2dc45814951dd0b3fce5c88aa;Micromonas	100.000	313	0	0	1	313	1	313	4.75e-166	579
M02215:3:000000000-B9JT7:1:2101:15677:204721:N:0:1;size=2;	882bcbeccf43f6ad24cd4dddc65e79df5feeaa78;Bathycoccus	98.788	330	4	0	1	330	1	330	7.90e-169	588
M02215:3:000000000-B9JT7:1:2101:15765:237301:N:0:1;size=2;	dbcb76e1d0fba2cbbb336683406048a5aa2f5fce;Corynidae	100.000	313	0	0	1	313	1	313	4.75e-166	579
M02215:3:000000000-B9JT7:1:2101:7993:51031:N:0:1;size=2;	dbcb76e1d0fba2cbbb336683406048a5aa2f5fce;Corynidae	100.000	313	0	0	1	313	1	313	4.75e-166	579
M02215:3:000000000-B9JT7:1:2102:14526:279571:N:0:1;size=2;	d92752cfdd8fd1a32b49db69adb3e1e7a3b4e8cc;Cyclotella	99.681	313	1	0	1	313	1	313	2.21e-164	573
M02215:3:000000000-B9JT7:1:2102:14712:122841:N:0:1;size=2;	c770016f14d297194d21859a099a36519b97635a;Pythium	100.000	313	0	0	1	313	1	313	4.75e-166	579
M02215:3:000000000-B9JT7:1:2102:15228:163301:N:0:1;size=2;	b1a34b52e9dbe50cc0e7728a1c7595dcf1351f25;Littorina	100.000	313	0	0	1	313	1	313	4.75e-166	579
M02215:3:000000000-B9JT7:1:2102:16067:199521:N:0:1;size=2;	31973166459e240fc4763b6724e6c06b73487666;Arrhinactia	100.000	313	0	0	1	313	1	313	4.75e-166	579
M02215:3:000000000-B9JT7:1:2102:17547:71341:N:0:1;size=2;	b1a34b52e9dbe50cc0e7728a1c7595dcf1351f25;Littorina	100.000	313	0	0	1	313	1	313	4.75e-166	579
M02215:3:000000000-B9JT7:1:2102:19484:236201:N:0:1;size=2;	43cdd9bcff01e80713af243417de400f0b175a07;Dictyocha	100.000	313	0	0	1	313	1	313	4.75e-166	579
M02215:3:000000000-B9JT7:1:2102:20549:92661:N:0:1;size=2;	e325d1f099912e6ccbc04e8a41c9a59a4423985f;Micromonas	89.968	309	27	3	1	307	1	307	5.14e-111	396
M02215:3:000000000-B9JT7:1:2102:3466:126281:N:0:1;size=2;	882bcbeccf43f6ad24cd4dddc65e79df5feeaa78;Bathycoccus	98.494	332	4	1	1	332	1	331	1.02e-167	584
M02215:3:000000000-B9JT7:1:2103:21395:276401:N:0:1;size=2;	d92752cfdd8fd1a32b49db69adb3e1e7a3b4e8cc;Cyclotella	99.681	313	1	0	1	313	1	313	2.18e-164	573
M02215:3:000000000-B9JT7:1:2103:9841:206401:N:0:1;size=2;	88be9e99d6e602158bbcc2a7d66e9b19f91740e7;Arrhinactia	99.681	313	1	0	1	313	1	313	2.21e-164	573
M02215:3:000000000-B9JT7:1:2104:18966:285871:N:0:1;size=2;	b1a34b52e9dbe50cc0e7728a1c7595dcf1351f25;Littorina	100.000	313	0	0	1	313	1	313	4.75e-166	579
M02215:3:000000000-B9JT7:1:2104:23489:58281:N:0:1;size=2;	a64ab751b69ad1c2dc45814951dd0b3fce5c88aa;Micromonas	100.000	313	0	0	1	313	1	313	4.75e-166	579
M02215:3:000000000-B9JT7:1:2104:25800:164951:N:0:1;size=2;	a64ab751b69ad1c2dc45814951dd0b3fce5c88aa;Micromonas	100.000	313	0	0	1	313	1	313	4.75e-166	579
M02215:3:000000000-B9JT7:1:2104:4808:200721:N:0:1;size=2;	d92752cfdd8fd1a32b49db69adb3e1e7a3b4e8cc;Cyclotella	92.763	304	20	2	1	303	1	303	8.34e-124	438
M02215:3:000000000-B9JT7:1:2105:16493:198331:N:0:1;size=2;	dbcb76e1d0fba2cbbb336683406048a5aa2f5fce;Corynidae	100.000	313	0	0	1	313	1	313	4.75e-166	579
M02215:3:000000000-B9JT7:1:2105:8287:227841:N:0:1;size=2;	a64ab751b69ad1c2dc45814951dd0b3fce5c88aa;Micromonas	100.000	312	0	0	2	313	2	313	1.71e-165	577
M02215:3:000000000-B9JT7:1:2106:10867:40721:N:0:1;size=2;	dbcb76e1d0fba2cbbb336683406048a5aa2f5fce;Corynidae	100.000	313	0	0	1	313	1	313	4.75e-166	579
M02215:3:000000000-B9JT7:1:2106:12395:176211:N:0:1;size=2;	882bcbeccf43f6ad24cd4dddc65e79df5feeaa78;Bathycoccus	99.091	330	3	0	1	330	1	330	1.70e-170	593
M02215:3:000000000-B9JT7:1:2108:11834:34701:N:0:1;size=2;	882bcbeccf43f6ad24cd4dddc65e79df5feeaa78;Bathycoccus	98.494	332	4	1	1	332	1	331	1.02e-167	584
M02215:3:000000000-B9JT7:1:2109:12434:214781:N:0:1;size=2;	d92752cfdd8fd1a32b49db69adb3e1e7a3b4e8cc;Cyclotella	99.681	313	1	0	1	313	1	313	2.21e-164	573
M02215:3:000000000-B9JT7:1:2109:12929:141591:N:0:1;size=2;	dbcb76e1d0fba2cbbb336683406048a5aa2f5fce;Corynidae	100.000	313	0	0	1	313	1	313	4.75e-166	579
M02215:3:000000000-B9JT7:1:2110:25246:251291:N:0:1;size=2;	d92752cfdd8fd1a32b49db69adb3e1e7a3b4e8cc;Cyclotella	99.681	313	1	0	1	313	1	313	2.21e-164	573
M02215:3:000000000-B9JT7:1:2110:26994:202721:N:0:1;size=2;	b1a34b52e9dbe50cc0e7728a1c7595dcf1351f25;Littorina	100.000	313	0	0	1	313	1	313	4.75e-166	579
M02215:3:000000000-B9JT7:1:2111:12102:31941:N:0:1;size=2;	d92752cfdd8fd1a32b49db69adb3e1e7a3b4e8cc;Cyclotella	99.681	313	1	0	1	313	1	313	2.12e-164	573
M02215:3:000000000-B9JT7:1:2111:17987:102101:N:0:1;size=2;	74bd536a982117e99a75e40240e0e3b1b1f81a5c;Triparma	100.000	313	0	0	1	313	1	313	4.75e-166	579
M02215:3:000000000-B9JT7:1:2112:22989:252041:N:0:1;size=2;	2eb773a13de7887b9598bc2cb106413dbe9424d4;Balanus	99.681	313	1	0	1	313	1	313	2.21e-164	573
M02215:3:000000000-B9JT7:1:2112:28495:152551:N:0:1;size=2;	a64ab751b69ad1c2dc45814951dd0b3fce5c88aa;Micromonas	100.000	313	0	0	1	313	1	313	4.75e-166	579
