M02215:3:000000000-B9JT7:1:1101:5768:114081:N:0:1;size=8958;	882bcbeccf43f6ad24cd4dddc65e79df5feeaa78;Bathycoccus	98.235	340	6	0	1	340	1	340	4.72e-171	595
M02215:3:000000000-B9JT7:1:1101:15659:179931:N:0:1;size=510;	882bcbeccf43f6ad24cd4dddc65e79df5feeaa78;Bathycoccus	97.941	340	7	0	1	340	1	340	2.18e-169	590
M02215:3:000000000-B9JT7:1:1101:4406:224841:N:0:1;size=4131;	b1a34b52e9dbe50cc0e7728a1c7595dcf1351f25;Littorina	100.000	313	0	0	1	313	1	313	4.75e-166	579
M02215:3:000000000-B9JT7:1:1101:9793:170661:N:0:1;size=189;	882bcbeccf43f6ad24cd4dddc65e79df5feeaa78;Bathycoccus	100.000	318	0	0	1	318	1	318	7.37e-169	588
M02215:3:000000000-B9JT7:1:1101:6626:190381:N:0:1;size=256;	b1a34b52e9dbe50cc0e7728a1c7595dcf1351f25;Littorina	100.000	313	0	0	1	313	1	313	4.71e-166	579
M02215:3:000000000-B9JT7:1:1103:28363:105061:N:0:1;size=216;	a64ab751b69ad1c2dc45814951dd0b3fce5c88aa;Micromonas	100.000	313	0	0	1	313	1	313	4.71e-166	579
M02215:3:000000000-B9JT7:1:1101:10866:136441:N:0:1;size=3558;	a64ab751b69ad1c2dc45814951dd0b3fce5c88aa;Micromonas	100.000	313	0	0	1	313	1	313	4.75e-166	579
M02215:3:000000000-B9JT7:1:1101:18162:19381:N:0:1;size=22;	882bcbeccf43f6ad24cd4dddc65e79df5feeaa78;Bathycoccus	98.529	340	5	0	1	340	1	340	1.01e-172	601
M02215:3:000000000-B9JT7:1:1101:27582:118131:N:0:1;size=79;	a64ab751b69ad1c2dc45814951dd0b3fce5c88aa;Micromonas	100.000	313	0	0	1	313	1	313	4.75e-166	579
M02215:3:000000000-B9JT7:1:1102:21484:167971:N:0:1;size=19;	a64ab751b69ad1c2dc45814951dd0b3fce5c88aa;Micromonas	100.000	313	0	0	1	313	1	313	4.75e-166	579
M02215:3:000000000-B9JT7:1:1103:11187:50631:N:0:1;size=58;	b1a34b52e9dbe50cc0e7728a1c7595dcf1351f25;Littorina	100.000	313	0	0	1	313	1	313	4.43e-166	579
M02215:3:000000000-B9JT7:1:1102:20149:71201:N:0:1;size=14;	b1a34b52e9dbe50cc0e7728a1c7595dcf1351f25;Littorina	100.000	313	0	0	1	313	1	313	4.75e-166	579
M02215:3:000000000-B9JT7:1:1101:24740:105061:N:0:1;size=81;	882bcbeccf43f6ad24cd4dddc65e79df5feeaa78;Bathycoccus	98.788	330	4	0	1	330	1	330	7.51e-169	588
M02215:3:000000000-B9JT7:1:1102:16681:131671:N:0:1;size=51;	882bcbeccf43f6ad24cd4dddc65e79df5feeaa78;Bathycoccus	99.091	330	3	0	1	330	1	330	1.65e-170	593
M02215:3:000000000-B9JT7:1:1103:24178:132291:N:0:1;size=13;	882bcbeccf43f6ad24cd4dddc65e79df5feeaa78;Bathycoccus	98.529	340	5	0	1	340	1	340	1.01e-172	601
M02215:3:000000000-B9JT7:1:1104:11641:44671:N:0:1;size=13;	b1a34b52e9dbe50cc0e7728a1c7595dcf1351f25;Littorina	100.000	313	0	0	1	313	1	313	4.71e-166	579
M02215:3:000000000-B9JT7:1:1101:15763:264431:N:0:1;size=17;	b1a34b52e9dbe50cc0e7728a1c7595dcf1351f25;Littorina	100.000	313	0	0	1	313	1	313	4.75e-166	579
M02215:3:000000000-B9JT7:1:1101:13131:160261:N:0:1;size=29;	a64ab751b69ad1c2dc45814951dd0b3fce5c88aa;Micromonas	100.000	313	0	0	1	313	1	313	4.43e-166	579
M02215:3:000000000-B9JT7:1:1101:24564:110971:N:0:1;size=39;	b1a34b52e9dbe50cc0e7728a1c7595dcf1351f25;Littorina	100.000	313	0	0	1	313	1	313	4.62e-166	579
M02215:3:000000000-B9JT7:1:1101:2870:158891:N:0:1;size=47;	882bcbeccf43f6ad24cd4dddc65e79df5feeaa78;Bathycoccus	98.788	330	4	0	1	330	1	330	7.58e-169	588
M02215:3:000000000-B9JT7:1:1102:21380:235011:N:0:1;size=10;	b1a34b52e9dbe50cc0e7728a1c7595dcf1351f25;Littorina	100.000	313	0	0	1	313	1	313	4.75e-166	579
M02215:3:000000000-B9JT7:1:1110:8210:117241:N:0:1;size=10;	b1a34b52e9dbe50cc0e7728a1c7595dcf1351f25;Littorina	100.000	313	0	0	1	313	1	313	4.75e-166	579
M02215:3:000000000-B9JT7:1:1101:12738:20801:N:0:1;size=20;	b1a34b52e9dbe50cc0e7728a1c7595dcf1351f25;Littorina	100.000	313	0	0	1	313	1	313	4.75e-166	579
M02215:3:000000000-B9JT7:1:1104:5960:125081:N:0:1;size=9;	b1a34b52e9dbe50cc0e7728a1c7595dcf1351f25;Littorina	100.000	313	0	0	1	313	1	313	4.71e-166	579
M02215:3:000000000-B9JT7:1:1101:10889:126521:N:0:1;size=8;	a64ab751b69ad1c2dc45814951dd0b3fce5c88aa;Micromonas	100.000	313	0	0	1	313	1	313	4.75e-166	579
M02215:3:000000000-B9JT7:1:1102:18972:288851:N:0:1;size=8;	882bcbeccf43f6ad24cd4dddc65e79df5feeaa78;Bathycoccus	98.529	340	5	0	1	340	1	340	1.01e-172	601
M02215:3:000000000-B9JT7:1:1103:13310:286051:N:0:1;size=10;	882bcbeccf43f6ad24cd4dddc65e79df5feeaa78;Bathycoccus	98.784	329	4	0	1	329	1	329	2.68e-168	586
M02215:3:000000000-B9JT7:1:1106:13508:143761:N:0:1;size=29;	a64ab751b69ad1c2dc45814951dd0b3fce5c88aa;Micromonas	100.000	313	0	0	1	313	1	313	4.62e-166	579
M02215:3:000000000-B9JT7:1:1107:28288:139201:N:0:1;size=8;	b1a34b52e9dbe50cc0e7728a1c7595dcf1351f25;Littorina	100.000	313	0	0	1	313	1	313	4.75e-166	579
M02215:3:000000000-B9JT7:1:1108:25227:193451:N:0:1;size=460;	74bd536a982117e99a75e40240e0e3b1b1f81a5c;Triparma	100.000	313	0	0	1	313	1	313	4.75e-166	579
M02215:3:000000000-B9JT7:1:1101:12720:191631:N:0:1;size=33;	74bd536a982117e99a75e40240e0e3b1b1f81a5c;Triparma	100.000	313	0	0	1	313	1	313	4.75e-166	579
M02215:3:000000000-B9JT7:1:1102:12934:68891:N:0:1;size=7;	b1a34b52e9dbe50cc0e7728a1c7595dcf1351f25;Littorina	100.000	313	0	0	1	313	1	313	4.46e-166	579
M02215:3:000000000-B9JT7:1:1102:9901:107461:N:0:1;size=7;	a64ab751b69ad1c2dc45814951dd0b3fce5c88aa;Micromonas	100.000	313	0	0	1	313	1	313	4.75e-166	579
M02215:3:000000000-B9JT7:1:1103:13776:90171:N:0:1;size=7;	b1a34b52e9dbe50cc0e7728a1c7595dcf1351f25;Littorina	100.000	313	0	0	1	313	1	313	4.75e-166	579
M02215:3:000000000-B9JT7:1:1104:7359:90081:N:0:1;size=7;	882bcbeccf43f6ad24cd4dddc65e79df5feeaa78;Bathycoccus	99.390	328	2	0	1	328	1	328	4.43e-171	595
M02215:3:000000000-B9JT7:1:1105:23192:103121:N:0:1;size=7;	a64ab751b69ad1c2dc45814951dd0b3fce5c88aa;Micromonas	100.000	313	0	0	1	313	1	313	4.75e-166	579
M02215:3:000000000-B9JT7:1:1106:13400:161481:N:0:1;size=10;	b1a34b52e9dbe50cc0e7728a1c7595dcf1351f25;Littorina	100.000	313	0	0	1	313	1	313	4.75e-166	579
M02215:3:000000000-B9JT7:1:1106:7262:125311:N:0:1;size=10;	882bcbeccf43f6ad24cd4dddc65e79df5feeaa78;Bathycoccus	98.512	336	5	0	1	336	1	336	1.65e-170	593
M02215:3:000000000-B9JT7:1:1101:17979:68721:N:0:1;size=6;	b1a34b52e9dbe50cc0e7728a1c7595dcf1351f25;Littorina	100.000	313	0	0	1	313	1	313	4.75e-166	579
M02215:3:000000000-B9JT7:1:1102:26386:105841:N:0:1;size=16;	b1a34b52e9dbe50cc0e7728a1c7595dcf1351f25;Littorina	100.000	313	0	0	1	313	1	313	4.56e-166	579
M02215:3:000000000-B9JT7:1:1103:3535:142671:N:0:1;size=6;	882bcbeccf43f6ad24cd4dddc65e79df5feeaa78;Bathycoccus	98.235	340	6	0	1	340	1	340	4.72e-171	595
M02215:3:000000000-B9JT7:1:1103:5555:245381:N:0:1;size=6;	a64ab751b69ad1c2dc45814951dd0b3fce5c88aa;Micromonas	100.000	313	0	0	1	313	1	313	4.75e-166	579
M02215:3:000000000-B9JT7:1:1103:9026:156521:N:0:1;size=11;	74bd536a982117e99a75e40240e0e3b1b1f81a5c;Triparma	100.000	313	0	0	1	313	1	313	4.75e-166	579
M02215:3:000000000-B9JT7:1:1104:26957:150071:N:0:1;size=47;	74bd536a982117e99a75e40240e0e3b1b1f81a5c;Triparma	100.000	313	0	0	1	313	1	313	4.71e-166	579
M02215:3:000000000-B9JT7:1:1106:7998:174471:N:0:1;size=19;	b1a34b52e9dbe50cc0e7728a1c7595dcf1351f25;Littorina	100.000	313	0	0	1	313	1	313	4.68e-166	579
M02215:3:000000000-B9JT7:1:1108:28953:186931:N:0:1;size=6;	b1a34b52e9dbe50cc0e7728a1c7595dcf1351f25;Littorina	100.000	313	0	0	1	313	1	313	4.75e-166	579
M02215:3:000000000-B9JT7:1:1101:12237:235641:N:0:1;size=11;	74bd536a982117e99a75e40240e0e3b1b1f81a5c;Triparma	100.000	313	0	0	1	313	1	313	4.75e-166	579
M02215:3:000000000-B9JT7:1:1101:15797:48611:N:0:1;size=5;	b1a34b52e9dbe50cc0e7728a1c7595dcf1351f25;Littorina	100.000	313	0	0	1	313	1	313	4.75e-166	579
M02215:3:000000000-B9JT7:1:1101:24797:120341:N:0:1;size=5;	882bcbeccf43f6ad24cd4dddc65e79df5feeaa78;Bathycoccus	98.235	340	6	0	1	340	1	340	4.72e-171	595
M02215:3:000000000-B9JT7:1:1102:11289:268741:N:0:1;size=8;	74bd536a982117e99a75e40240e0e3b1b1f81a5c;Triparma	100.000	313	0	0	1	313	1	313	4.75e-166	579
M02215:3:000000000-B9JT7:1:1102:17446:96161:N:0:1;size=5;	b1a34b52e9dbe50cc0e7728a1c7595dcf1351f25;Littorina	100.000	313	0	0	1	313	1	313	4.75e-166	579
M02215:3:000000000-B9JT7:1:1102:22185:51361:N:0:1;size=15;	b1a34b52e9dbe50cc0e7728a1c7595dcf1351f25;Littorina	100.000	313	0	0	1	313	1	313	4.75e-166	579
M02215:3:000000000-B9JT7:1:1103:9182:151091:N:0:1;size=5;	74bd536a982117e99a75e40240e0e3b1b1f81a5c;Triparma	100.000	313	0	0	1	313	1	313	4.75e-166	579
M02215:3:000000000-B9JT7:1:1104:10344:31291:N:0:1;size=5;	882bcbeccf43f6ad24cd4dddc65e79df5feeaa78;Bathycoccus	99.091	330	3	0	1	330	1	330	1.65e-170	593
M02215:3:000000000-B9JT7:1:1104:18977:133411:N:0:1;size=5;	b1a34b52e9dbe50cc0e7728a1c7595dcf1351f25;Littorina	100.000	313	0	0	1	313	1	313	4.75e-166	579
M02215:3:000000000-B9JT7:1:1106:12621:170881:N:0:1;size=5;	74bd536a982117e99a75e40240e0e3b1b1f81a5c;Triparma	100.000	313	0	0	1	313	1	313	4.75e-166	579
M02215:3:000000000-B9JT7:1:1107:19313:208821:N:0:1;size=22;	d92752cfdd8fd1a32b49db69adb3e1e7a3b4e8cc;Cyclotella	99.681	313	1	0	1	313	1	313	2.19e-164	573
M02215:3:000000000-B9JT7:1:1108:14720:163991:N:0:1;size=5;	b1a34b52e9dbe50cc0e7728a1c7595dcf1351f25;Littorina	100.000	313	0	0	1	313	1	313	4.62e-166	579
M02215:3:000000000-B9JT7:1:1109:21251:249091:N:0:1;size=25;	882bcbeccf43f6ad24cd4dddc65e79df5feeaa78;Bathycoccus	98.512	336	5	0	1	336	1	336	1.64e-170	593
M02215:3:000000000-B9JT7:1:1113:9549:39391:N:0:1;size=5;	a64ab751b69ad1c2dc45814951dd0b3fce5c88aa;Micromonas	100.000	313	0	0	1	313	1	313	4.75e-166	579
M02215:3:000000000-B9JT7:1:2101:8192:217041:N:0:1;size=5;	882bcbeccf43f6ad24cd4dddc65e79df5feeaa78;Bathycoccus	98.235	340	6	0	1	340	1	340	4.72e-171	595
M02215:3:000000000-B9JT7:1:1101:18344:98441:N:0:1;size=4;	a64ab751b69ad1c2dc45814951dd0b3fce5c88aa;Micromonas	100.000	313	0	0	1	313	1	313	4.75e-166	579
M02215:3:000000000-B9JT7:1:1101:27659:95571:N:0:1;size=130;	d92752cfdd8fd1a32b49db69adb3e1e7a3b4e8cc;Cyclotella	99.681	313	1	0	1	313	1	313	2.21e-164	573
M02215:3:000000000-B9JT7:1:1101:28467:190021:N:0:1;size=4;	74bd536a982117e99a75e40240e0e3b1b1f81a5c;Triparma	100.000	313	0	0	1	313	1	313	4.75e-166	579
M02215:3:000000000-B9JT7:1:1102:14053:166631:N:0:1;size=13;	d92752cfdd8fd1a32b49db69adb3e1e7a3b4e8cc;Cyclotella	99.681	313	1	0	1	313	1	313	2.21e-164	573
M02215:3:000000000-B9JT7:1:1102:14753:88791:N:0:1;size=4;	b1a34b52e9dbe50cc0e7728a1c7595dcf1351f25;Littorina	100.000	313	0	0	1	313	1	313	4.75e-166	579
M02215:3:000000000-B9JT7:1:1102:15302:99691:N:0:1;size=6;	32162e451e12cdf5cf3628007e99b0efa1ba946b;Phaeocystis	100.000	313	0	0	1	313	1	313	4.75e-166	579
M02215:3:000000000-B9JT7:1:1102:16987:127121:N:0:1;size=63;	d92752cfdd8fd1a32b49db69adb3e1e7a3b4e8cc;Cyclotella	99.681	313	1	0	1	313	1	313	2.21e-164	573
M02215:3:000000000-B9JT7:1:1102:19089:127601:N:0:1;size=13;	a64ab751b69ad1c2dc45814951dd0b3fce5c88aa;Micromonas	100.000	297	0	0	1	297	1	297	3.73e-157	549
M02215:3:000000000-B9JT7:1:1102:21744:37081:N:0:1;size=17;	b1a34b52e9dbe50cc0e7728a1c7595dcf1351f25;Littorina	100.000	313	0	0	1	313	1	313	4.53e-166	579
M02215:3:000000000-B9JT7:1:1103:10661:226691:N:0:1;size=6;	b1a34b52e9dbe50cc0e7728a1c7595dcf1351f25;Littorina	100.000	313	0	0	1	313	1	313	4.48e-166	579
M02215:3:000000000-B9JT7:1:1103:23809:94401:N:0:1;size=4;	74bd536a982117e99a75e40240e0e3b1b1f81a5c;Triparma	100.000	313	0	0	1	313	1	313	4.75e-166	579
M02215:3:000000000-B9JT7:1:1103:26075:165631:N:0:1;size=19;	74bd536a982117e99a75e40240e0e3b1b1f81a5c;Triparma	100.000	313	0	0	1	313	1	313	4.62e-166	579
M02215:3:000000000-B9JT7:1:1104:11848:222881:N:0:1;size=11;	a64ab751b69ad1c2dc45814951dd0b3fce5c88aa;Micromonas	100.000	313	0	0	1	313	1	313	4.46e-166	579
M02215:3:000000000-B9JT7:1:1104:16827:179611:N:0:1;size=9;	d92752cfdd8fd1a32b49db69adb3e1e7a3b4e8cc;Cyclotella	99.681	313	1	0	1	313	1	313	2.06e-164	573
M02215:3:000000000-B9JT7:1:1104:4300:119911:N:0:1;size=4;	882bcbeccf43f6ad24cd4dddc65e79df5feeaa78;Bathycoccus	99.118	340	3	0	1	340	1	340	4.69e-176	612
M02215:3:000000000-B9JT7:1:1104:8011:87271:N:0:1;size=10;	882bcbeccf43f6ad24cd4dddc65e79df5feeaa78;Bathycoccus	97.941	340	7	0	1	340	1	340	2.16e-169	590
M02215:3:000000000-B9JT7:1:1105:15266:236001:N:0:1;size=4;	74bd536a982117e99a75e40240e0e3b1b1f81a5c;Triparma	100.000	313	0	0	1	313	1	313	4.75e-166	579
M02215:3:000000000-B9JT7:1:1105:15413:111181:N:0:1;size=4;	882bcbeccf43f6ad24cd4dddc65e79df5feeaa78;Bathycoccus	98.529	340	5	0	1	340	1	340	1.01e-172	601
M02215:3:000000000-B9JT7:1:1105:25327:145431:N:0:1;size=4;	b1a34b52e9dbe50cc0e7728a1c7595dcf1351f25;Littorina	100.000	313	0	0	1	313	1	313	4.75e-166	579
M02215:3:000000000-B9JT7:1:1105:7174:105381:N:0:1;size=4;	a64ab751b69ad1c2dc45814951dd0b3fce5c88aa;Micromonas	100.000	313	0	0	1	313	1	313	4.75e-166	579
M02215:3:000000000-B9JT7:1:1106:24974:160051:N:0:1;size=6;	5ae1341da7ed3b29f88201563c85b12b0112a65a;Minutocellus	100.000	313	0	0	1	313	1	313	4.75e-166	579
M02215:3:000000000-B9JT7:1:1106:3746:111581:N:0:1;size=45;	d92752cfdd8fd1a32b49db69adb3e1e7a3b4e8cc;Cyclotella	99.681	313	1	0	1	313	1	313	2.21e-164	573
M02215:3:000000000-B9JT7:1:1106:6683:223561:N:0:1;size=4;	32162e451e12cdf5cf3628007e99b0efa1ba946b;Phaeocystis	100.000	313	0	0	1	313	1	313	4.75e-166	579
M02215:3:000000000-B9JT7:1:1107:10897:117731:N:0:1;size=15;	a64ab751b69ad1c2dc45814951dd0b3fce5c88aa;Micromonas	100.000	313	0	0	1	313	1	313	4.59e-166	579
M02215:3:000000000-B9JT7:1:1108:19615:40931:N:0:1;size=4;	a4c5abb6f8cf3f8e1f96fcd812149a53baef88bd;Micromonas	96.805	313	10	0	1	313	1	313	2.24e-149	523
M02215:3:000000000-B9JT7:1:1108:4474:94071:N:0:1;size=9;	882bcbeccf43f6ad24cd4dddc65e79df5feeaa78;Bathycoccus	98.529	340	5	0	1	340	1	340	9.93e-173	601
M02215:3:000000000-B9JT7:1:1110:20311:167871:N:0:1;size=4;	74bd536a982117e99a75e40240e0e3b1b1f81a5c;Triparma	100.000	313	0	0	1	313	1	313	4.75e-166	579
M02215:3:000000000-B9JT7:1:1112:17415:85031:N:0:1;size=4;	b1a34b52e9dbe50cc0e7728a1c7595dcf1351f25;Littorina	100.000	313	0	0	1	313	1	313	4.75e-166	579
M02215:3:000000000-B9JT7:1:1112:4251:210971:N:0:1;size=13;	a64ab751b69ad1c2dc45814951dd0b3fce5c88aa;Micromonas	100.000	313	0	0	1	313	1	313	4.52e-166	579
M02215:3:000000000-B9JT7:1:2103:25535:155121:N:0:1;size=4;	a4c5abb6f8cf3f8e1f96fcd812149a53baef88bd;Micromonas	96.805	313	10	0	1	313	1	313	2.24e-149	523
M02215:3:000000000-B9JT7:1:2105:12874:84841:N:0:1;size=4;	d92752cfdd8fd1a32b49db69adb3e1e7a3b4e8cc;Cyclotella	99.681	313	1	0	1	313	1	313	2.21e-164	573
M02215:3:000000000-B9JT7:1:1101:13741:66701:N:0:1;size=8;	d92752cfdd8fd1a32b49db69adb3e1e7a3b4e8cc;Cyclotella	99.681	313	1	0	1	313	1	313	2.21e-164	573
M02215:3:000000000-B9JT7:1:1101:15496:71171:N:0:1;size=3;	32162e451e12cdf5cf3628007e99b0efa1ba946b;Phaeocystis	100.000	313	0	0	1	313	1	313	4.75e-166	579
M02215:3:000000000-B9JT7:1:1101:16988:193461:N:0:1;size=14;	a64ab751b69ad1c2dc45814951dd0b3fce5c88aa;Micromonas	100.000	313	0	0	1	313	1	313	4.56e-166	579
M02215:3:000000000-B9JT7:1:1101:20826:61541:N:0:1;size=3;	a64ab751b69ad1c2dc45814951dd0b3fce5c88aa;Micromonas	100.000	313	0	0	1	313	1	313	4.75e-166	579
M02215:3:000000000-B9JT7:1:1101:2642:161581:N:0:1;size=8;	d92752cfdd8fd1a32b49db69adb3e1e7a3b4e8cc;Cyclotella	99.681	313	1	0	1	313	1	313	2.15e-164	573
M02215:3:000000000-B9JT7:1:1101:4894:186591:N:0:1;size=3;	d92752cfdd8fd1a32b49db69adb3e1e7a3b4e8cc;Cyclotella	99.681	313	1	0	1	313	1	313	2.21e-164	573
M02215:3:000000000-B9JT7:1:1102:20958:179791:N:0:1;size=3;	74bd536a982117e99a75e40240e0e3b1b1f81a5c;Triparma	100.000	313	0	0	1	313	1	313	4.75e-166	579
M02215:3:000000000-B9JT7:1:1102:21126:40471:N:0:1;size=5;	32162e451e12cdf5cf3628007e99b0efa1ba946b;Phaeocystis	100.000	313	0	0	1	313	1	313	4.75e-166	579
M02215:3:000000000-B9JT7:1:1102:23700:174171:N:0:1;size=5;	b1a34b52e9dbe50cc0e7728a1c7595dcf1351f25;Littorina	100.000	313	0	0	1	313	1	313	4.65e-166	579
M02215:3:000000000-B9JT7:1:1102:23863:70101:N:0:1;size=3;	74bd536a982117e99a75e40240e0e3b1b1f81a5c;Triparma	100.000	313	0	0	1	313	1	313	4.75e-166	579
M02215:3:000000000-B9JT7:1:1102:24845:96091:N:0:1;size=3;	74bd536a982117e99a75e40240e0e3b1b1f81a5c;Triparma	100.000	313	0	0	1	313	1	313	4.71e-166	579
M02215:3:000000000-B9JT7:1:1103:13059:112121:N:0:1;size=3;	b1a34b52e9dbe50cc0e7728a1c7595dcf1351f25;Littorina	100.000	313	0	0	1	313	1	313	4.75e-166	579
M02215:3:000000000-B9JT7:1:1103:21468:106921:N:0:1;size=3;	a64ab751b69ad1c2dc45814951dd0b3fce5c88aa;Micromonas	100.000	297	0	0	1	297	1	297	3.73e-157	549
M02215:3:000000000-B9JT7:1:1103:25040:167611:N:0:1;size=3;	a64ab751b69ad1c2dc45814951dd0b3fce5c88aa;Micromonas	100.000	313	0	0	1	313	1	313	4.75e-166	579
M02215:3:000000000-B9JT7:1:1103:27287:223101:N:0:1;size=5;	882bcbeccf43f6ad24cd4dddc65e79df5feeaa78;Bathycoccus	98.512	336	5	0	1	336	1	336	1.66e-170	593
M02215:3:000000000-B9JT7:1:1103:29110:119961:N:0:1;size=3;	d92752cfdd8fd1a32b49db69adb3e1e7a3b4e8cc;Cyclotella	99.681	313	1	0	1	313	1	313	2.21e-164	573
M02215:3:000000000-B9JT7:1:1103:7661:135951:N:0:1;size=5;	74bd536a982117e99a75e40240e0e3b1b1f81a5c;Triparma	100.000	313	0	0	1	313	1	313	4.75e-166	579
M02215:3:000000000-B9JT7:1:1104:16118:151161:N:0:1;size=3;	74bd536a982117e99a75e40240e0e3b1b1f81a5c;Triparma	100.000	313	0	0	1	313	1	313	4.75e-166	579
M02215:3:000000000-B9JT7:1:1104:17814:100141:N:0:1;size=3;	b1a34b52e9dbe50cc0e7728a1c7595dcf1351f25;Littorina	100.000	313	0	0	1	313	1	313	4.75e-166	579
M02215:3:000000000-B9JT7:1:1104:26220:232541:N:0:1;size=3;	a64ab751b69ad1c2dc45814951dd0b3fce5c88aa;Micromonas	100.000	313	0	0	1	313	1	313	4.75e-166	579
M02215:3:000000000-B9JT7:1:1105:21339:153311:N:0:1;size=3;	a64ab751b69ad1c2dc45814951dd0b3fce5c88aa;Micromonas	100.000	313	0	0	1	313	1	313	4.75e-166	579
M02215:3:000000000-B9JT7:1:1106:10257:178981:N:0:1;size=3;	74bd536a982117e99a75e40240e0e3b1b1f81a5c;Triparma	100.000	313	0	0	1	313	1	313	4.75e-166	579
M02215:3:000000000-B9JT7:1:1106:15868:219101:N:0:1;size=3;	74bd536a982117e99a75e40240e0e3b1b1f81a5c;Triparma	100.000	313	0	0	1	313	1	313	4.75e-166	579
M02215:3:000000000-B9JT7:1:1106:20076:116371:N:0:1;size=11;	a64ab751b69ad1c2dc45814951dd0b3fce5c88aa;Micromonas	100.000	313	0	0	1	313	1	313	4.68e-166	579
M02215:3:000000000-B9JT7:1:1106:23612:170791:N:0:1;size=3;	b1a34b52e9dbe50cc0e7728a1c7595dcf1351f25;Littorina	100.000	313	0	0	1	313	1	313	4.75e-166	579
M02215:3:000000000-B9JT7:1:1106:6432:180541:N:0:1;size=5;	882bcbeccf43f6ad24cd4dddc65e79df5feeaa78;Bathycoccus	97.941	340	7	0	1	340	1	340	2.18e-169	590
M02215:3:000000000-B9JT7:1:1106:7864:117721:N:0:1;size=3;	d92752cfdd8fd1a32b49db69adb3e1e7a3b4e8cc;Cyclotella	99.681	313	1	0	1	313	1	313	2.21e-164	573
M02215:3:000000000-B9JT7:1:1107:14979:183891:N:0:1;size=3;	882bcbeccf43f6ad24cd4dddc65e79df5feeaa78;Bathycoccus	98.529	340	5	0	1	340	1	340	1.01e-172	601
M02215:3:000000000-B9JT7:1:1107:20670:177461:N:0:1;size=3;	d92752cfdd8fd1a32b49db69adb3e1e7a3b4e8cc;Cyclotella	99.681	313	1	0	1	313	1	313	2.21e-164	573
M02215:3:000000000-B9JT7:1:1107:21684:219191:N:0:1;size=3;	882bcbeccf43f6ad24cd4dddc65e79df5feeaa78;Bathycoccus	98.784	329	4	0	1	329	1	329	2.68e-168	586
M02215:3:000000000-B9JT7:1:1107:23298:55641:N:0:1;size=3;	a64ab751b69ad1c2dc45814951dd0b3fce5c88aa;Micromonas	100.000	313	0	0	1	313	1	313	4.75e-166	579
M02215:3:000000000-B9JT7:1:1107:6039:129751:N:0:1;size=3;	d92752cfdd8fd1a32b49db69adb3e1e7a3b4e8cc;Cyclotella	99.681	313	1	0	1	313	1	313	2.21e-164	573
M02215:3:000000000-B9JT7:1:1107:8996:89831:N:0:1;size=5;	5ae1341da7ed3b29f88201563c85b12b0112a65a;Minutocellus	100.000	313	0	0	1	313	1	313	4.75e-166	579
M02215:3:000000000-B9JT7:1:1108:5214:214281:N:0:1;size=13;	d92752cfdd8fd1a32b49db69adb3e1e7a3b4e8cc;Cyclotella	99.681	313	1	0	1	313	1	313	2.21e-164	573
M02215:3:000000000-B9JT7:1:1109:11175:35801:N:0:1;size=3;	882bcbeccf43f6ad24cd4dddc65e79df5feeaa78;Bathycoccus	99.096	332	2	1	1	332	1	331	4.72e-171	595
M02215:3:000000000-B9JT7:1:1109:14472:36021:N:0:1;size=3;	b1a34b52e9dbe50cc0e7728a1c7595dcf1351f25;Littorina	100.000	313	0	0	1	313	1	313	4.75e-166	579
M02215:3:000000000-B9JT7:1:1109:17038:266841:N:0:1;size=3;	a64ab751b69ad1c2dc45814951dd0b3fce5c88aa;Micromonas	100.000	312	0	0	2	313	2	313	1.71e-165	577
M02215:3:000000000-B9JT7:1:1109:9303:153001:N:0:1;size=7;	b1a34b52e9dbe50cc0e7728a1c7595dcf1351f25;Littorina	100.000	313	0	0	1	313	1	313	4.59e-166	579
M02215:3:000000000-B9JT7:1:1110:19835:95861:N:0:1;size=3;	74bd536a982117e99a75e40240e0e3b1b1f81a5c;Triparma	100.000	313	0	0	1	313	1	313	4.52e-166	579
M02215:3:000000000-B9JT7:1:1110:5792:79511:N:0:1;size=3;	a64ab751b69ad1c2dc45814951dd0b3fce5c88aa;Micromonas	100.000	312	0	0	2	313	2	313	1.71e-165	577
M02215:3:000000000-B9JT7:1:1111:28515:169261:N:0:1;size=3;	882bcbeccf43f6ad24cd4dddc65e79df5feeaa78;Bathycoccus	97.941	340	7	0	1	340	1	340	2.20e-169	590
M02215:3:000000000-B9JT7:1:1111:9258:207901:N:0:1;size=3;	d92752cfdd8fd1a32b49db69adb3e1e7a3b4e8cc;Cyclotella	99.681	313	1	0	1	313	1	313	2.21e-164	573
M02215:3:000000000-B9JT7:1:1113:9399:115011:N:0:1;size=3;	d92752cfdd8fd1a32b49db69adb3e1e7a3b4e8cc;Cyclotella	99.681	313	1	0	1	313	1	313	2.21e-164	573
M02215:3:000000000-B9JT7:1:2106:14981:99651:N:0:1;size=3;	d92752cfdd8fd1a32b49db69adb3e1e7a3b4e8cc;Cyclotella	99.681	313	1	0	1	313	1	313	2.19e-164	573
M02215:3:000000000-B9JT7:1:2109:15434:25771:N:0:1;size=5;	74bd536a982117e99a75e40240e0e3b1b1f81a5c;Triparma	100.000	313	0	0	1	313	1	313	4.75e-166	579
M02215:3:000000000-B9JT7:1:2109:17718:116201:N:0:1;size=5;	d92752cfdd8fd1a32b49db69adb3e1e7a3b4e8cc;Cyclotella	99.361	313	2	0	1	313	1	313	1.03e-162	568
M02215:3:000000000-B9JT7:1:1101:11026:241961:N:0:1;size=2;	74bd536a982117e99a75e40240e0e3b1b1f81a5c;Triparma	100.000	313	0	0	1	313	1	313	4.75e-166	579
M02215:3:000000000-B9JT7:1:1101:13795:126361:N:0:1;size=2;	32162e451e12cdf5cf3628007e99b0efa1ba946b;Phaeocystis	100.000	313	0	0	1	313	1	313	4.75e-166	579
M02215:3:000000000-B9JT7:1:1101:13881:235961:N:0:1;size=2;	d92752cfdd8fd1a32b49db69adb3e1e7a3b4e8cc;Cyclotella	99.681	313	1	0	1	313	1	313	2.21e-164	573
M02215:3:000000000-B9JT7:1:1101:14141:22881:N:0:1;size=2;	d92752cfdd8fd1a32b49db69adb3e1e7a3b4e8cc;Cyclotella	99.361	313	2	0	1	313	1	313	1.03e-162	568
M02215:3:000000000-B9JT7:1:1101:14385:253091:N:0:1;size=2;	a68693b3043b9d50a8c7e70db541da55c9a7d24d;Pseudocalanus	99.681	313	1	0	1	313	1	313	2.21e-164	573
M02215:3:000000000-B9JT7:1:1101:14534:287381:N:0:1;size=2;	882bcbeccf43f6ad24cd4dddc65e79df5feeaa78;Bathycoccus	99.091	330	3	0	1	330	1	330	1.69e-170	593
M02215:3:000000000-B9JT7:1:1101:16748:268881:N:0:1;size=2;	5ae1341da7ed3b29f88201563c85b12b0112a65a;Minutocellus	100.000	313	0	0	1	313	1	313	4.75e-166	579
M02215:3:000000000-B9JT7:1:1101:19601:89981:N:0:1;size=2;	a4c5abb6f8cf3f8e1f96fcd812149a53baef88bd;Micromonas	96.805	313	10	0	1	313	1	313	2.26e-149	523
M02215:3:000000000-B9JT7:1:1101:1986:128231:N:0:1;size=2;	a4c5abb6f8cf3f8e1f96fcd812149a53baef88bd;Micromonas	96.805	313	10	0	1	313	1	313	2.26e-149	523
M02215:3:000000000-B9JT7:1:1101:19985:270241:N:0:1;size=2;	a4c5abb6f8cf3f8e1f96fcd812149a53baef88bd;Micromonas	99.361	313	2	0	1	313	1	313	1.03e-162	568
M02215:3:000000000-B9JT7:1:1101:20290:274431:N:0:1;size=2;	882bcbeccf43f6ad24cd4dddc65e79df5feeaa78;Bathycoccus	97.353	340	9	0	1	340	1	340	4.75e-166	579
M02215:3:000000000-B9JT7:1:1101:20753:102801:N:0:1;size=2;	29a25f59c9ab313dba122a19685cb555355f2415;Bougainvillia	100.000	313	0	0	1	313	1	313	4.75e-166	579
M02215:3:000000000-B9JT7:1:1101:21966:58781:N:0:1;size=2;	882bcbeccf43f6ad24cd4dddc65e79df5feeaa78;Bathycoccus	97.941	340	7	0	1	340	1	340	2.20e-169	590
M02215:3:000000000-B9JT7:1:1101:22128:206221:N:0:1;size=2;	882bcbeccf43f6ad24cd4dddc65e79df5feeaa78;Bathycoccus	98.494	332	4	1	1	332	1	331	1.02e-167	584
M02215:3:000000000-B9JT7:1:1101:24177:46641:N:0:1;size=2;	882bcbeccf43f6ad24cd4dddc65e79df5feeaa78;Bathycoccus	98.810	336	4	0	1	336	1	336	3.65e-172	599
M02215:3:000000000-B9JT7:1:1101:5015:132861:N:0:1;size=4;	74bd536a982117e99a75e40240e0e3b1b1f81a5c;Triparma	100.000	313	0	0	1	313	1	313	4.75e-166	579
M02215:3:000000000-B9JT7:1:1101:9525:253571:N:0:1;size=2;	b1a34b52e9dbe50cc0e7728a1c7595dcf1351f25;Littorina	100.000	313	0	0	1	313	1	313	4.75e-166	579
M02215:3:000000000-B9JT7:1:1101:9896:109961:N:0:1;size=2;	882bcbeccf43f6ad24cd4dddc65e79df5feeaa78;Bathycoccus	97.640	339	8	0	2	340	2	340	3.67e-167	582
M02215:3:000000000-B9JT7:1:1102:10078:181551:N:0:1;size=2;	a64ab751b69ad1c2dc45814951dd0b3fce5c88aa;Micromonas	100.000	297	0	0	1	297	1	297	3.73e-157	549
M02215:3:000000000-B9JT7:1:1102:10788:159931:N:0:1;size=8;	d92752cfdd8fd1a32b49db69adb3e1e7a3b4e8cc;Cyclotella	99.681	313	1	0	1	313	1	313	2.21e-164	573
M02215:3:000000000-B9JT7:1:1102:13014:49951:N:0:1;size=2;	882bcbeccf43f6ad24cd4dddc65e79df5feeaa78;Bathycoccus	98.193	332	5	1	1	332	1	331	4.75e-166	579
M02215:3:000000000-B9JT7:1:1102:14625:255051:N:0:1;size=2;	882bcbeccf43f6ad24cd4dddc65e79df5feeaa78;Bathycoccus	97.647	340	8	0	1	340	1	340	1.02e-167	584
M02215:3:000000000-B9JT7:1:1102:14673:62781:N:0:1;size=2;	d92752cfdd8fd1a32b49db69adb3e1e7a3b4e8cc;Cyclotella	99.681	313	1	0	1	313	1	313	2.14e-164	573
M02215:3:000000000-B9JT7:1:1102:19198:40391:N:0:1;size=2;	d92752cfdd8fd1a32b49db69adb3e1e7a3b4e8cc;Cyclotella	99.681	313	1	0	1	313	1	313	2.21e-164	573
M02215:3:000000000-B9JT7:1:1102:22097:65141:N:0:1;size=2;	882bcbeccf43f6ad24cd4dddc65e79df5feeaa78;Bathycoccus	98.521	338	5	0	1	338	3	340	1.30e-171	597
M02215:3:000000000-B9JT7:1:1102:22214:157161:N:0:1;size=2;	882bcbeccf43f6ad24cd4dddc65e79df5feeaa78;Bathycoccus	98.494	332	4	1	1	332	1	331	9.90e-168	584
M02215:3:000000000-B9JT7:1:1102:22475:93861:N:0:1;size=2;	b57949f2759ef72fe986ab28e641f624ddef6661;Chordariaceae	100.000	313	0	0	1	313	1	313	4.75e-166	579
M02215:3:000000000-B9JT7:1:1102:23110:225971:N:0:1;size=2;	74bd536a982117e99a75e40240e0e3b1b1f81a5c;Triparma	100.000	313	0	0	1	313	1	313	4.75e-166	579
M02215:3:000000000-B9JT7:1:1102:24792:93761:N:0:1;size=2;	a64ab751b69ad1c2dc45814951dd0b3fce5c88aa;Micromonas	100.000	312	0	0	2	313	2	313	1.71e-165	577
M02215:3:000000000-B9JT7:1:1102:26081:104151:N:0:1;size=2;	882bcbeccf43f6ad24cd4dddc65e79df5feeaa78;Bathycoccus	99.096	332	2	1	1	332	1	331	4.70e-171	595
M02215:3:000000000-B9JT7:1:1102:26142:136531:N:0:1;size=2;	a4c5abb6f8cf3f8e1f96fcd812149a53baef88bd;Micromonas	96.805	313	10	0	1	313	1	313	2.26e-149	523
M02215:3:000000000-B9JT7:1:1102:26632:122171:N:0:1;size=2;	a4c5abb6f8cf3f8e1f96fcd812149a53baef88bd;Micromonas	96.805	313	10	0	1	313	1	313	2.26e-149	523
M02215:3:000000000-B9JT7:1:1102:27328:214201:N:0:1;size=2;	d92752cfdd8fd1a32b49db69adb3e1e7a3b4e8cc;Cyclotella	99.361	313	2	0	1	313	1	313	1.03e-162	568
M02215:3:000000000-B9JT7:1:1102:5326:125231:N:0:1;size=2;	74bd536a982117e99a75e40240e0e3b1b1f81a5c;Triparma	100.000	313	0	0	1	313	1	313	4.75e-166	579
M02215:3:000000000-B9JT7:1:1102:6495:147761:N:0:1;size=4;	74bd536a982117e99a75e40240e0e3b1b1f81a5c;Triparma	100.000	313	0	0	1	313	1	313	4.75e-166	579
M02215:3:000000000-B9JT7:1:1102:9168:162341:N:0:1;size=2;	882bcbeccf43f6ad24cd4dddc65e79df5feeaa78;Bathycoccus	97.941	340	7	0	1	340	1	340	2.20e-169	590
M02215:3:000000000-B9JT7:1:1103:10962:117271:N:0:1;size=2;	d92752cfdd8fd1a32b49db69adb3e1e7a3b4e8cc;Cyclotella	99.361	313	2	0	1	313	1	313	1.03e-162	568
M02215:3:000000000-B9JT7:1:1103:11021:245731:N:0:1;size=2;	a4c5abb6f8cf3f8e1f96fcd812149a53baef88bd;Micromonas	94.888	313	16	0	1	313	1	313	2.29e-139	490
M02215:3:000000000-B9JT7:1:1103:11445:41121:N:0:1;size=2;	a4c5abb6f8cf3f8e1f96fcd812149a53baef88bd;Micromonas	96.805	313	10	0	1	313	1	313	2.26e-149	523
M02215:3:000000000-B9JT7:1:1103:12567:26931:N:0:1;size=2;	a4c5abb6f8cf3f8e1f96fcd812149a53baef88bd;Micromonas	95.847	313	13	0	1	313	1	313	2.27e-144	507
M02215:3:000000000-B9JT7:1:1103:14415:214831:N:0:1;size=2;	954c2d6a54f3a580cb8173b46bb5997143517f0e;Bathycoccus	95.192	312	15	0	2	313	2	313	1.77e-140	494
M02215:3:000000000-B9JT7:1:1103:14486:199941:N:0:1;size=2;	882bcbeccf43f6ad24cd4dddc65e79df5feeaa78;Bathycoccus	97.941	340	7	0	1	340	1	340	2.20e-169	590
M02215:3:000000000-B9JT7:1:1103:14838:274911:N:0:1;size=2;	32162e451e12cdf5cf3628007e99b0efa1ba946b;Phaeocystis	100.000	313	0	0	1	313	1	313	4.75e-166	579
M02215:3:000000000-B9JT7:1:1103:16094:58371:N:0:1;size=2;	a4c5abb6f8cf3f8e1f96fcd812149a53baef88bd;Micromonas	99.361	313	2	0	1	313	1	313	1.03e-162	568
M02215:3:000000000-B9JT7:1:1103:16959:32811:N:0:1;size=2;	d92752cfdd8fd1a32b49db69adb3e1e7a3b4e8cc;Cyclotella	99.681	313	1	0	1	313	1	313	2.21e-164	573
M02215:3:000000000-B9JT7:1:1103:17285:253471:N:0:1;size=2;	882bcbeccf43f6ad24cd4dddc65e79df5feeaa78;Bathycoccus	98.230	339	6	0	2	340	2	340	1.70e-170	593
M02215:3:000000000-B9JT7:1:1103:19406:36961:N:0:1;size=2;	a4c5abb6f8cf3f8e1f96fcd812149a53baef88bd;Micromonas	99.361	313	2	0	1	313	1	313	1.03e-162	568
M02215:3:000000000-B9JT7:1:1103:21367:230181:N:0:1;size=2;	d92752cfdd8fd1a32b49db69adb3e1e7a3b4e8cc;Cyclotella	99.361	313	2	0	1	313	1	313	1.03e-162	568
M02215:3:000000000-B9JT7:1:1103:25529:60921:N:0:1;size=2;	882bcbeccf43f6ad24cd4dddc65e79df5feeaa78;Bathycoccus	98.529	340	5	0	1	340	1	340	1.01e-172	601
M02215:3:000000000-B9JT7:1:1103:26824:109021:N:0:1;size=2;	d92752cfdd8fd1a32b49db69adb3e1e7a3b4e8cc;Cyclotella	99.681	313	1	0	1	313	1	313	2.21e-164	573
M02215:3:000000000-B9JT7:1:1103:26864:146501:N:0:1;size=4;	882bcbeccf43f6ad24cd4dddc65e79df5feeaa78;Bathycoccus	97.941	340	7	0	1	340	1	340	2.20e-169	590
M02215:3:000000000-B9JT7:1:1103:27920:207501:N:0:1;size=2;	74bd536a982117e99a75e40240e0e3b1b1f81a5c;Triparma	100.000	313	0	0	1	313	1	313	4.75e-166	579
M02215:3:000000000-B9JT7:1:1103:4839:81601:N:0:1;size=2;	a64ab751b69ad1c2dc45814951dd0b3fce5c88aa;Micromonas	100.000	297	0	0	1	297	1	297	3.73e-157	549
M02215:3:000000000-B9JT7:1:1103:5197:132621:N:0:1;size=2;	b1a34b52e9dbe50cc0e7728a1c7595dcf1351f25;Littorina	99.681	313	1	0	1	313	1	313	2.21e-164	573
M02215:3:000000000-B9JT7:1:1103:5223:133951:N:0:1;size=2;	74bd536a982117e99a75e40240e0e3b1b1f81a5c;Triparma	100.000	313	0	0	1	313	1	313	4.75e-166	579
M02215:3:000000000-B9JT7:1:1103:7011:179941:N:0:1;size=2;	74bd536a982117e99a75e40240e0e3b1b1f81a5c;Triparma	100.000	313	0	0	1	313	1	313	4.75e-166	579
M02215:3:000000000-B9JT7:1:1103:7597:220961:N:0:1;size=2;	954c2d6a54f3a580cb8173b46bb5997143517f0e;Bathycoccus	95.192	312	15	0	2	313	2	313	1.77e-140	494
M02215:3:000000000-B9JT7:1:1103:8584:150151:N:0:1;size=2;	5ae1341da7ed3b29f88201563c85b12b0112a65a;Minutocellus	100.000	313	0	0	1	313	1	313	4.75e-166	579
M02215:3:000000000-B9JT7:1:1103:9201:34611:N:0:1;size=2;	a68693b3043b9d50a8c7e70db541da55c9a7d24d;Pseudocalanus	99.681	313	1	0	1	313	1	313	2.21e-164	573
M02215:3:000000000-B9JT7:1:1104:11107:32351:N:0:1;size=2;	74bd536a982117e99a75e40240e0e3b1b1f81a5c;Triparma	99.679	312	1	0	1	312	1	312	7.95e-164	571
M02215:3:000000000-B9JT7:1:1104:11372:282371:N:0:1;size=2;	74bd536a982117e99a75e40240e0e3b1b1f81a5c;Triparma	100.000	313	0	0	1	313	1	313	4.75e-166	579
M02215:3:000000000-B9JT7:1:1104:14788:169531:N:0:1;size=2;	a64ab751b69ad1c2dc45814951dd0b3fce5c88aa;Micromonas	100.000	312	0	0	2	313	2	313	1.71e-165	577
M02215:3:000000000-B9JT7:1:1104:16849:169171:N:0:1;size=2;	882bcbeccf43f6ad24cd4dddc65e79df5feeaa78;Bathycoccus	98.824	340	4	0	1	340	1	340	2.18e-174	606
M02215:3:000000000-B9JT7:1:1104:18357:50711:N:0:1;size=2;	b1a34b52e9dbe50cc0e7728a1c7595dcf1351f25;Littorina	100.000	313	0	0	1	313	1	313	4.75e-166	579
M02215:3:000000000-B9JT7:1:1104:22021:145701:N:0:1;size=2;	882bcbeccf43f6ad24cd4dddc65e79df5feeaa78;Bathycoccus	97.647	340	8	0	1	340	1	340	1.02e-167	584
M02215:3:000000000-B9JT7:1:1104:27348:177711:N:0:1;size=2;	a64ab751b69ad1c2dc45814951dd0b3fce5c88aa;Micromonas	100.000	297	0	0	1	297	1	297	3.73e-157	549
M02215:3:000000000-B9JT7:1:1104:6320:92421:N:0:1;size=2;	6f98e637735b187cd156c79b8f022a0bc63d5fc5;Micromonas	100.000	313	0	0	1	313	1	313	4.71e-166	579
M02215:3:000000000-B9JT7:1:1104:9800:145411:N:0:1;size=2;	d92752cfdd8fd1a32b49db69adb3e1e7a3b4e8cc;Cyclotella	99.679	312	1	0	1	312	1	312	7.95e-164	571
M02215:3:000000000-B9JT7:1:1104:9924:48341:N:0:1;size=4;	74bd536a982117e99a75e40240e0e3b1b1f81a5c;Triparma	100.000	313	0	0	1	313	1	313	4.75e-166	579
M02215:3:000000000-B9JT7:1:1104:9943:76641:N:0:1;size=2;	882bcbeccf43f6ad24cd4dddc65e79df5feeaa78;Bathycoccus	100.000	315	0	0	1	315	1	315	3.39e-167	582
M02215:3:000000000-B9JT7:1:1105:11503:218481:N:0:1;size=2;	882bcbeccf43f6ad24cd4dddc65e79df5feeaa78;Bathycoccus	97.647	340	8	0	1	340	1	340	1.02e-167	584
M02215:3:000000000-B9JT7:1:1105:11654:118221:N:0:1;size=2;	a64ab751b69ad1c2dc45814951dd0b3fce5c88aa;Micromonas	99.681	313	1	0	1	313	1	313	2.20e-164	573
M02215:3:000000000-B9JT7:1:1105:16270:268601:N:0:1;size=2;	882bcbeccf43f6ad24cd4dddc65e79df5feeaa78;Bathycoccus	97.941	340	7	0	1	340	1	340	2.20e-169	590
M02215:3:000000000-B9JT7:1:1105:19067:129411:N:0:1;size=2;	a64ab751b69ad1c2dc45814951dd0b3fce5c88aa;Micromonas	100.000	313	0	0	1	313	1	313	4.72e-166	579
M02215:3:000000000-B9JT7:1:1105:19738:130791:N:0:1;size=6;	882bcbeccf43f6ad24cd4dddc65e79df5feeaa78;Bathycoccus	100.000	315	0	0	1	315	1	315	3.30e-167	582
M02215:3:000000000-B9JT7:1:1105:20699:164961:N:0:1;size=2;	ec648dd8f07e687f8887f006f05d9740edf238ee;Bathycoccus	97.764	313	7	0	1	313	1	313	2.24e-154	540
M02215:3:000000000-B9JT7:1:1105:21708:102321:N:0:1;size=2;	dcaf7f874689c3d55666a06e5f29a433d213eb4d;Phaeocystis	98.658	298	3	1	17	313	16	313	1.75e-150	527
M02215:3:000000000-B9JT7:1:1105:25667:177881:N:0:1;size=2;	882bcbeccf43f6ad24cd4dddc65e79df5feeaa78;Bathycoccus	98.512	336	5	0	1	336	1	336	1.70e-170	593
M02215:3:000000000-B9JT7:1:1105:25866:144191:N:0:1;size=2;	882bcbeccf43f6ad24cd4dddc65e79df5feeaa78;Bathycoccus	98.788	330	4	0	1	330	1	330	7.80e-169	588
M02215:3:000000000-B9JT7:1:1105:26039:168331:N:0:1;size=2;	74bd536a982117e99a75e40240e0e3b1b1f81a5c;Triparma	100.000	313	0	0	1	313	1	313	4.75e-166	579
M02215:3:000000000-B9JT7:1:1105:26934:216641:N:0:1;size=2;	ec648dd8f07e687f8887f006f05d9740edf238ee;Bathycoccus	98.403	313	5	0	1	313	1	313	1.04e-157	551
M02215:3:000000000-B9JT7:1:1105:3495:108471:N:0:1;size=4;	882bcbeccf43f6ad24cd4dddc65e79df5feeaa78;Bathycoccus	98.235	340	6	0	1	340	1	340	4.65e-171	595
M02215:3:000000000-B9JT7:1:1105:5027:144251:N:0:1;size=2;	74bd536a982117e99a75e40240e0e3b1b1f81a5c;Triparma	100.000	313	0	0	1	313	1	313	4.75e-166	579
M02215:3:000000000-B9JT7:1:1105:8229:204581:N:0:1;size=2;	b1a34b52e9dbe50cc0e7728a1c7595dcf1351f25;Littorina	100.000	313	0	0	1	313	1	313	4.75e-166	579
M02215:3:000000000-B9JT7:1:1105:9767:167271:N:0:1;size=2;	5ae1341da7ed3b29f88201563c85b12b0112a65a;Minutocellus	100.000	313	0	0	1	313	1	313	4.75e-166	579
M02215:3:000000000-B9JT7:1:1105:9778:147861:N:0:1;size=2;	d92752cfdd8fd1a32b49db69adb3e1e7a3b4e8cc;Cyclotella	99.681	313	1	0	1	313	1	313	2.21e-164	573
M02215:3:000000000-B9JT7:1:1105:9995:213381:N:0:1;size=2;	74bd536a982117e99a75e40240e0e3b1b1f81a5c;Triparma	100.000	313	0	0	1	313	1	313	4.75e-166	579
M02215:3:000000000-B9JT7:1:1106:14263:20681:N:0:1;size=2;	32162e451e12cdf5cf3628007e99b0efa1ba946b;Phaeocystis	100.000	313	0	0	1	313	1	313	4.75e-166	579
M02215:3:000000000-B9JT7:1:1106:14945:42711:N:0:1;size=2;	d92752cfdd8fd1a32b49db69adb3e1e7a3b4e8cc;Cyclotella	99.679	312	1	0	1	312	1	312	7.88e-164	571
M02215:3:000000000-B9JT7:1:1106:16435:54831:N:0:1;size=2;	32162e451e12cdf5cf3628007e99b0efa1ba946b;Phaeocystis	100.000	313	0	0	1	313	1	313	4.75e-166	579
M02215:3:000000000-B9JT7:1:1106:20324:169081:N:0:1;size=2;	882bcbeccf43f6ad24cd4dddc65e79df5feeaa78;Bathycoccus	98.193	332	5	1	1	332	1	331	4.75e-166	579
M02215:3:000000000-B9JT7:1:1106:21185:108061:N:0:1;size=2;	d92752cfdd8fd1a32b49db69adb3e1e7a3b4e8cc;Cyclotella	99.681	313	1	0	1	313	1	313	2.21e-164	573
M02215:3:000000000-B9JT7:1:1106:21261:204111:N:0:1;size=2;	882bcbeccf43f6ad24cd4dddc65e79df5feeaa78;Bathycoccus	99.394	330	2	0	1	330	1	330	3.61e-172	599
M02215:3:000000000-B9JT7:1:1106:21469:154601:N:0:1;size=2;	6f98e637735b187cd156c79b8f022a0bc63d5fc5;Micromonas	100.000	313	0	0	1	313	1	313	4.75e-166	579
M02215:3:000000000-B9JT7:1:1106:5503:217281:N:0:1;size=2;	d92752cfdd8fd1a32b49db69adb3e1e7a3b4e8cc;Cyclotella	99.361	313	2	0	1	313	1	313	1.03e-162	568
M02215:3:000000000-B9JT7:1:1106:6278:231281:N:0:1;size=2;	d92752cfdd8fd1a32b49db69adb3e1e7a3b4e8cc;Cyclotella	99.681	313	1	0	1	313	1	313	2.21e-164	573
M02215:3:000000000-B9JT7:1:1106:8267:240941:N:0:1;size=2;	d92752cfdd8fd1a32b49db69adb3e1e7a3b4e8cc;Cyclotella	99.361	313	2	0	1	313	1	313	1.03e-162	568
M02215:3:000000000-B9JT7:1:1106:9048:140001:N:0:1;size=2;	74bd536a982117e99a75e40240e0e3b1b1f81a5c;Triparma	100.000	313	0	0	1	313	1	313	4.68e-166	579
M02215:3:000000000-B9JT7:1:1107:10028:32701:N:0:1;size=2;	32162e451e12cdf5cf3628007e99b0efa1ba946b;Phaeocystis	100.000	313	0	0	1	313	1	313	4.65e-166	579
M02215:3:000000000-B9JT7:1:1107:10937:130591:N:0:1;size=2;	74bd536a982117e99a75e40240e0e3b1b1f81a5c;Triparma	100.000	313	0	0	1	313	1	313	4.75e-166	579
M02215:3:000000000-B9JT7:1:1107:12174:194291:N:0:1;size=2;	a64ab751b69ad1c2dc45814951dd0b3fce5c88aa;Micromonas	100.000	313	0	0	1	313	1	313	4.75e-166	579
M02215:3:000000000-B9JT7:1:1107:17426:172461:N:0:1;size=2;	882bcbeccf43f6ad24cd4dddc65e79df5feeaa78;Bathycoccus	97.941	340	7	0	1	340	1	340	2.20e-169	590
M02215:3:000000000-B9JT7:1:1107:22613:262901:N:0:1;size=2;	ec648dd8f07e687f8887f006f05d9740edf238ee;Bathycoccus	98.403	313	5	0	1	313	1	313	1.04e-157	551
M02215:3:000000000-B9JT7:1:1107:23340:208961:N:0:1;size=2;	a64ab751b69ad1c2dc45814951dd0b3fce5c88aa;Micromonas	100.000	297	0	0	1	297	1	297	3.73e-157	549
M02215:3:000000000-B9JT7:1:1107:23603:44821:N:0:1;size=2;	882bcbeccf43f6ad24cd4dddc65e79df5feeaa78;Bathycoccus	85.630	341	47	2	1	340	1	340	2.40e-99	357
M02215:3:000000000-B9JT7:1:1107:24636:244761:N:0:1;size=4;	74bd536a982117e99a75e40240e0e3b1b1f81a5c;Triparma	100.000	313	0	0	1	313	1	313	4.43e-166	579
M02215:3:000000000-B9JT7:1:1107:24771:137281:N:0:1;size=2;	a68693b3043b9d50a8c7e70db541da55c9a7d24d;Pseudocalanus	99.681	313	1	0	1	313	1	313	2.21e-164	573
M02215:3:000000000-B9JT7:1:1107:25494:251571:N:0:1;size=4;	74bd536a982117e99a75e40240e0e3b1b1f81a5c;Triparma	100.000	313	0	0	1	313	1	313	4.75e-166	579
M02215:3:000000000-B9JT7:1:1107:5707:106241:N:0:1;size=2;	a4c5abb6f8cf3f8e1f96fcd812149a53baef88bd;Micromonas	96.805	313	10	0	1	313	1	313	2.26e-149	523
M02215:3:000000000-B9JT7:1:1107:9683:139661:N:0:1;size=2;	a4c5abb6f8cf3f8e1f96fcd812149a53baef88bd;Micromonas	96.805	313	10	0	1	313	1	313	2.26e-149	523
M02215:3:000000000-B9JT7:1:1108:10223:52821:N:0:1;size=2;	882bcbeccf43f6ad24cd4dddc65e79df5feeaa78;Bathycoccus	97.353	340	9	0	1	340	1	340	4.75e-166	579
M02215:3:000000000-B9JT7:1:1108:11284:22321:N:0:1;size=2;	74bd536a982117e99a75e40240e0e3b1b1f81a5c;Triparma	100.000	313	0	0	1	313	1	313	4.75e-166	579
M02215:3:000000000-B9JT7:1:1108:12099:85771:N:0:1;size=2;	6f98e637735b187cd156c79b8f022a0bc63d5fc5;Micromonas	100.000	313	0	0	1	313	1	313	4.75e-166	579
M02215:3:000000000-B9JT7:1:1108:12736:260721:N:0:1;size=2;	954c2d6a54f3a580cb8173b46bb5997143517f0e;Bathycoccus	95.192	312	15	0	2	313	2	313	1.75e-140	494
M02215:3:000000000-B9JT7:1:1108:13930:81901:N:0:1;size=2;	882bcbeccf43f6ad24cd4dddc65e79df5feeaa78;Bathycoccus	97.941	340	7	0	1	340	1	340	2.20e-169	590
M02215:3:000000000-B9JT7:1:1108:15071:90961:N:0:1;size=4;	74bd536a982117e99a75e40240e0e3b1b1f81a5c;Triparma	100.000	313	0	0	1	313	1	313	4.75e-166	579
M02215:3:000000000-B9JT7:1:1108:15922:26961:N:0:1;size=2;	dbcb76e1d0fba2cbbb336683406048a5aa2f5fce;Corynidae	100.000	313	0	0	1	313	1	313	4.75e-166	579
M02215:3:000000000-B9JT7:1:1108:17392:102041:N:0:1;size=2;	dcaf7f874689c3d55666a06e5f29a433d213eb4d;Phaeocystis	98.658	298	3	1	17	313	16	313	1.75e-150	527
M02215:3:000000000-B9JT7:1:1108:17546:252461:N:0:1;size=2;	d92752cfdd8fd1a32b49db69adb3e1e7a3b4e8cc;Cyclotella	88.667	300	34	0	1	300	1	300	3.99e-102	366
M02215:3:000000000-B9JT7:1:1108:18481:205171:N:0:1;size=2;	32162e451e12cdf5cf3628007e99b0efa1ba946b;Phaeocystis	100.000	313	0	0	1	313	1	313	4.75e-166	579
M02215:3:000000000-B9JT7:1:1108:18568:48181:N:0:1;size=2;	882bcbeccf43f6ad24cd4dddc65e79df5feeaa78;Bathycoccus	98.235	340	6	0	1	340	1	340	4.72e-171	595
M02215:3:000000000-B9JT7:1:1108:19118:156061:N:0:1;size=2;	74bd536a982117e99a75e40240e0e3b1b1f81a5c;Triparma	100.000	313	0	0	1	313	1	313	4.75e-166	579
M02215:3:000000000-B9JT7:1:1108:1930:156221:N:0:1;size=2;	a64ab751b69ad1c2dc45814951dd0b3fce5c88aa;Micromonas	100.000	312	0	0	2	313	2	313	1.71e-165	577
M02215:3:000000000-B9JT7:1:1108:20193:164801:N:0:1;size=2;	74bd536a982117e99a75e40240e0e3b1b1f81a5c;Triparma	100.000	313	0	0	1	313	1	313	4.75e-166	579
M02215:3:000000000-B9JT7:1:1108:22818:103171:N:0:1;size=2;	882bcbeccf43f6ad24cd4dddc65e79df5feeaa78;Bathycoccus	95.894	341	12	2	1	340	1	340	1.04e-157	551
M02215:3:000000000-B9JT7:1:1108:26503:181231:N:0:1;size=2;	6f98e637735b187cd156c79b8f022a0bc63d5fc5;Micromonas	100.000	313	0	0	1	313	1	313	4.75e-166	579
M02215:3:000000000-B9JT7:1:1108:29020:149011:N:0:1;size=2;	882bcbeccf43f6ad24cd4dddc65e79df5feeaa78;Bathycoccus	96.460	339	12	0	2	340	2	340	1.72e-160	560
M02215:3:000000000-B9JT7:1:1108:4246:113071:N:0:1;size=2;	6f98e637735b187cd156c79b8f022a0bc63d5fc5;Micromonas	100.000	312	0	0	1	312	1	312	1.71e-165	577
M02215:3:000000000-B9JT7:1:1108:4914:109301:N:0:1;size=4;	d92752cfdd8fd1a32b49db69adb3e1e7a3b4e8cc;Cyclotella	99.681	313	1	0	1	313	1	313	2.21e-164	573
M02215:3:000000000-B9JT7:1:1109:11669:235211:N:0:1;size=2;	c97e203113b40b77e44612c1d6e835474a9ddfac;Bathycoccus	100.000	313	0	0	1	313	1	313	4.43e-166	579
M02215:3:000000000-B9JT7:1:1109:13323:219971:N:0:1;size=2;	a64ab751b69ad1c2dc45814951dd0b3fce5c88aa;Micromonas	100.000	313	0	0	1	313	1	313	4.62e-166	579
M02215:3:000000000-B9JT7:1:1109:14250:186041:N:0:1;size=2;	32162e451e12cdf5cf3628007e99b0efa1ba946b;Phaeocystis	100.000	313	0	0	1	313	1	313	4.75e-166	579
M02215:3:000000000-B9JT7:1:1109:16440:257131:N:0:1;size=2;	74bd536a982117e99a75e40240e0e3b1b1f81a5c;Triparma	100.000	313	0	0	1	313	1	313	4.68e-166	579
M02215:3:000000000-B9JT7:1:1109:18950:249781:N:0:1;size=2;	74bd536a982117e99a75e40240e0e3b1b1f81a5c;Triparma	100.000	313	0	0	1	313	1	313	4.58e-166	579
M02215:3:000000000-B9JT7:1:1109:22926:227801:N:0:1;size=2;	b1a34b52e9dbe50cc0e7728a1c7595dcf1351f25;Littorina	100.000	313	0	0	1	313	1	313	4.75e-166	579
M02215:3:000000000-B9JT7:1:1109:25427:202721:N:0:1;size=2;	74bd536a982117e99a75e40240e0e3b1b1f81a5c;Triparma	100.000	313	0	0	1	313	1	313	4.71e-166	579
M02215:3:000000000-B9JT7:1:1109:9307:114601:N:0:1;size=2;	b1a34b52e9dbe50cc0e7728a1c7595dcf1351f25;Littorina	100.000	313	0	0	1	313	1	313	4.62e-166	579
M02215:3:000000000-B9JT7:1:1110:14341:105391:N:0:1;size=2;	882bcbeccf43f6ad24cd4dddc65e79df5feeaa78;Bathycoccus	98.795	332	3	1	1	332	1	331	2.20e-169	590
M02215:3:000000000-B9JT7:1:1110:14613:171691:N:0:1;size=2;	d92752cfdd8fd1a32b49db69adb3e1e7a3b4e8cc;Cyclotella	99.681	313	1	0	1	313	1	313	2.21e-164	573
M02215:3:000000000-B9JT7:1:1110:15333:250781:N:0:1;size=2;	74bd536a982117e99a75e40240e0e3b1b1f81a5c;Triparma	100.000	313	0	0	1	313	1	313	4.75e-166	579
M02215:3:000000000-B9JT7:1:1110:17263:137331:N:0:1;size=2;	d92752cfdd8fd1a32b49db69adb3e1e7a3b4e8cc;Cyclotella	99.361	313	2	0	1	313	1	313	1.03e-162	568
M02215:3:000000000-B9JT7:1:1110:25074:215421:N:0:1;size=2;	882bcbeccf43f6ad24cd4dddc65e79df5feeaa78;Bathycoccus	99.096	332	2	1	1	332	1	331	4.56e-171	595
M02215:3:000000000-B9JT7:1:1110:26080:149691:N:0:1;size=2;	d92752cfdd8fd1a32b49db69adb3e1e7a3b4e8cc;Cyclotella	99.361	313	2	0	1	313	1	313	1.03e-162	568
M02215:3:000000000-B9JT7:1:1110:4349:213481:N:0:1;size=2;	954c2d6a54f3a580cb8173b46bb5997143517f0e;Bathycoccus	92.628	312	23	0	2	313	2	313	3.89e-127	449
M02215:3:000000000-B9JT7:1:1110:8412:145961:N:0:1;size=2;	7c1c7fcdf9ebf4c9706ca4fd192b18100bfffe44;Filifera	93.291	313	21	0	1	313	1	313	4.99e-131	462
M02215:3:000000000-B9JT7:1:1111:13795:270041:N:0:1;size=2;	b1a34b52e9dbe50cc0e7728a1c7595dcf1351f25;Littorina	100.000	313	0	0	1	313	1	313	4.59e-166	579
M02215:3:000000000-B9JT7:1:1111:17308:174911:N:0:1;size=2;	b57949f2759ef72fe986ab28e641f624ddef6661;Chordariaceae	100.000	313	0	0	1	313	1	313	4.75e-166	579
M02215:3:000000000-B9JT7:1:1111:19818:68481:N:0:1;size=2;	d92752cfdd8fd1a32b49db69adb3e1e7a3b4e8cc;Cyclotella	99.681	313	1	0	1	313	1	313	2.21e-164	573
M02215:3:000000000-B9JT7:1:1111:24545:117541:N:0:1;size=2;	d92752cfdd8fd1a32b49db69adb3e1e7a3b4e8cc;Cyclotella	99.681	313	1	0	1	313	1	313	2.21e-164	573
M02215:3:000000000-B9JT7:1:1111:25548:58101:N:0:1;size=2;	b1a34b52e9dbe50cc0e7728a1c7595dcf1351f25;Littorina	100.000	313	0	0	1	313	1	313	4.48e-166	579
M02215:3:000000000-B9JT7:1:1111:27459:121401:N:0:1;size=2;	882bcbeccf43f6ad24cd4dddc65e79df5feeaa78;Bathycoccus	98.512	336	5	0	1	336	1	336	1.70e-170	593
M02215:3:000000000-B9JT7:1:1111:3666:215011:N:0:1;size=2;	a4c5abb6f8cf3f8e1f96fcd812149a53baef88bd;Micromonas	95.208	313	15	0	1	313	1	313	4.88e-141	496
M02215:3:000000000-B9JT7:1:1111:4012:153521:N:0:1;size=2;	9ebd0bcbae3f4ee1f10ba13d858e85af17744e67;Homo	100.000	313	0	0	1	313	1	313	4.75e-166	579
M02215:3:000000000-B9JT7:1:1111:8452:221311:N:0:1;size=2;	882bcbeccf43f6ad24cd4dddc65e79df5feeaa78;Bathycoccus	97.353	340	9	0	1	340	1	340	4.75e-166	579
M02215:3:000000000-B9JT7:1:1112:12837:250801:N:0:1;size=2;	882bcbeccf43f6ad24cd4dddc65e79df5feeaa78;Bathycoccus	98.529	340	5	0	1	340	1	340	9.96e-173	601
M02215:3:000000000-B9JT7:1:1112:17228:269481:N:0:1;size=2;	6ab38eefaca96b58db2889ba8b9dcd7048db36a0;Bathycoccus	88.215	297	35	0	1	297	1	297	8.64e-99	355
M02215:3:000000000-B9JT7:1:1112:20135:241291:N:0:1;size=2;	882bcbeccf43f6ad24cd4dddc65e79df5feeaa78;Bathycoccus	86.217	341	45	2	1	340	1	340	1.12e-102	368
M02215:3:000000000-B9JT7:1:1112:25375:219801:N:0:1;size=2;	882bcbeccf43f6ad24cd4dddc65e79df5feeaa78;Bathycoccus	98.512	336	5	0	1	336	1	336	1.68e-170	593
M02215:3:000000000-B9JT7:1:1112:4034:135951:N:0:1;size=2;	a64ab751b69ad1c2dc45814951dd0b3fce5c88aa;Micromonas	100.000	297	0	0	1	297	1	297	3.73e-157	549
M02215:3:000000000-B9JT7:1:1112:6104:233231:N:0:1;size=2;	5ae1341da7ed3b29f88201563c85b12b0112a65a;Minutocellus	100.000	313	0	0	1	313	1	313	4.75e-166	579
M02215:3:000000000-B9JT7:1:1112:8241:187681:N:0:1;size=2;	a4c5abb6f8cf3f8e1f96fcd812149a53baef88bd;Micromonas	99.361	313	2	0	1	313	1	313	1.03e-162	568
M02215:3:000000000-B9JT7:1:1113:12297:233381:N:0:1;size=2;	d92752cfdd8fd1a32b49db69adb3e1e7a3b4e8cc;Cyclotella	99.681	313	1	0	1	313	1	313	2.21e-164	573
M02215:3:000000000-B9JT7:1:1113:12445:175391:N:0:1;size=2;	74bd536a982117e99a75e40240e0e3b1b1f81a5c;Triparma	100.000	313	0	0	1	313	1	313	4.75e-166	579
M02215:3:000000000-B9JT7:1:1113:13848:94501:N:0:1;size=2;	882bcbeccf43f6ad24cd4dddc65e79df5feeaa78;Bathycoccus	98.810	336	4	0	1	336	1	336	3.60e-172	599
M02215:3:000000000-B9JT7:1:1113:21630:77451:N:0:1;size=2;	d92752cfdd8fd1a32b49db69adb3e1e7a3b4e8cc;Cyclotella	99.361	313	2	0	1	313	1	313	1.03e-162	568
M02215:3:000000000-B9JT7:1:1113:26740:107301:N:0:1;size=2;	882bcbeccf43f6ad24cd4dddc65e79df5feeaa78;Bathycoccus	98.235	340	6	0	1	340	1	340	4.72e-171	595
M02215:3:000000000-B9JT7:1:1113:27964:126541:N:0:1;size=2;	954c2d6a54f3a580cb8173b46bb5997143517f0e;Bathycoccus	95.192	312	15	0	2	313	2	313	1.77e-140	494
M02215:3:000000000-B9JT7:1:1114:10452:160121:N:0:1;size=4;	d92752cfdd8fd1a32b49db69adb3e1e7a3b4e8cc;Cyclotella	99.361	313	2	0	1	313	1	313	1.03e-162	568
M02215:3:000000000-B9JT7:1:1114:15262:150981:N:0:1;size=2;	954c2d6a54f3a580cb8173b46bb5997143517f0e;Bathycoccus	92.628	312	23	0	2	313	2	313	3.89e-127	449
M02215:3:000000000-B9JT7:1:1114:18616:150501:N:0:1;size=2;	882bcbeccf43f6ad24cd4dddc65e79df5feeaa78;Bathycoccus	97.281	331	8	1	2	332	2	331	1.72e-160	560
M02215:3:000000000-B9JT7:1:1114:23302:104581:N:0:1;size=2;	5ae1341da7ed3b29f88201563c85b12b0112a65a;Minutocellus	100.000	313	0	0	1	313	1	313	4.75e-166	579
M02215:3:000000000-B9JT7:1:1114:26489:222931:N:0:1;size=2;	b1a34b52e9dbe50cc0e7728a1c7595dcf1351f25;Littorina	100.000	313	0	0	1	313	1	313	4.75e-166	579
M02215:3:000000000-B9JT7:1:1114:6704:200901:N:0:1;size=2;	b57949f2759ef72fe986ab28e641f624ddef6661;Chordariaceae	100.000	313	0	0	1	313	1	313	4.75e-166	579
M02215:3:000000000-B9JT7:1:2101:15299:159401:N:0:1;size=2;	a4c5abb6f8cf3f8e1f96fcd812149a53baef88bd;Micromonas	95.208	313	15	0	1	313	1	313	4.92e-141	496
M02215:3:000000000-B9JT7:1:2101:2250:175571:N:0:1;size=2;	a68693b3043b9d50a8c7e70db541da55c9a7d24d;Pseudocalanus	99.361	313	2	0	1	313	1	313	1.03e-162	568
M02215:3:000000000-B9JT7:1:2101:23032:232601:N:0:1;size=2;	d92752cfdd8fd1a32b49db69adb3e1e7a3b4e8cc;Cyclotella	99.681	313	1	0	1	313	1	313	2.21e-164	573
M02215:3:000000000-B9JT7:1:2101:23586:176751:N:0:1;size=2;	d92752cfdd8fd1a32b49db69adb3e1e7a3b4e8cc;Cyclotella	99.681	313	1	0	1	313	1	313	2.21e-164	573
M02215:3:000000000-B9JT7:1:2101:24730:205441:N:0:1;size=2;	a64ab751b69ad1c2dc45814951dd0b3fce5c88aa;Micromonas	100.000	297	0	0	1	297	1	297	3.73e-157	549
M02215:3:000000000-B9JT7:1:2101:26357:152251:N:0:1;size=2;	a64ab751b69ad1c2dc45814951dd0b3fce5c88aa;Micromonas	100.000	312	0	0	2	313	2	313	1.71e-165	577
M02215:3:000000000-B9JT7:1:2102:10242:189231:N:0:1;size=2;	882bcbeccf43f6ad24cd4dddc65e79df5feeaa78;Bathycoccus	99.107	336	3	0	1	336	1	336	7.77e-174	604
M02215:3:000000000-B9JT7:1:2102:10852:206751:N:0:1;size=2;	5ae1341da7ed3b29f88201563c85b12b0112a65a;Minutocellus	100.000	313	0	0	1	313	1	313	4.75e-166	579
M02215:3:000000000-B9JT7:1:2102:15824:172241:N:0:1;size=2;	a68693b3043b9d50a8c7e70db541da55c9a7d24d;Pseudocalanus	99.681	313	1	0	1	313	1	313	2.15e-164	573
M02215:3:000000000-B9JT7:1:2102:17021:77381:N:0:1;size=2;	74bd536a982117e99a75e40240e0e3b1b1f81a5c;Triparma	100.000	313	0	0	1	313	1	313	4.75e-166	579
M02215:3:000000000-B9JT7:1:2102:17671:29221:N:0:1;size=2;	a64ab751b69ad1c2dc45814951dd0b3fce5c88aa;Micromonas	100.000	313	0	0	1	313	1	313	4.75e-166	579
M02215:3:000000000-B9JT7:1:2102:17786:180651:N:0:1;size=2;	5ae1341da7ed3b29f88201563c85b12b0112a65a;Minutocellus	100.000	313	0	0	1	313	1	313	4.75e-166	579
M02215:3:000000000-B9JT7:1:2102:18885:228291:N:0:1;size=2;	6c5f8f7c6cdb6405737155cfdcafdb9547e274bd;Triparma	92.568	296	22	0	18	313	18	313	6.55e-120	425
M02215:3:000000000-B9JT7:1:2102:25281:100261:N:0:1;size=2;	d92752cfdd8fd1a32b49db69adb3e1e7a3b4e8cc;Cyclotella	99.361	313	2	0	1	313	1	313	1.03e-162	568
M02215:3:000000000-B9JT7:1:2102:8561:56451:N:0:1;size=2;	d92752cfdd8fd1a32b49db69adb3e1e7a3b4e8cc;Cyclotella	99.681	313	1	0	1	313	1	313	2.21e-164	573
M02215:3:000000000-B9JT7:1:2102:9658:154291:N:0:1;size=2;	74bd536a982117e99a75e40240e0e3b1b1f81a5c;Triparma	100.000	313	0	0	1	313	1	313	4.75e-166	579
M02215:3:000000000-B9JT7:1:2103:12709:165871:N:0:1;size=2;	9402a7067c5f07e093e31adf849318245f495bb9;Micromonas	100.000	313	0	0	1	313	1	313	4.75e-166	579
M02215:3:000000000-B9JT7:1:2103:15215:188571:N:0:1;size=2;	74bd536a982117e99a75e40240e0e3b1b1f81a5c;Triparma	100.000	313	0	0	1	313	1	313	4.61e-166	579
M02215:3:000000000-B9JT7:1:2103:28726:166181:N:0:1;size=2;	882bcbeccf43f6ad24cd4dddc65e79df5feeaa78;Bathycoccus	99.688	321	1	0	1	321	1	321	7.39e-169	588
M02215:3:000000000-B9JT7:1:2104:10430:172801:N:0:1;size=2;	882bcbeccf43f6ad24cd4dddc65e79df5feeaa78;Bathycoccus	97.647	340	8	0	1	340	1	340	1.02e-167	584
M02215:3:000000000-B9JT7:1:2104:2058:125311:N:0:1;size=2;	6f98e637735b187cd156c79b8f022a0bc63d5fc5;Micromonas	100.000	313	0	0	1	313	1	313	4.75e-166	579
M02215:3:000000000-B9JT7:1:2104:21407:54631:N:0:1;size=2;	6ab38eefaca96b58db2889ba8b9dcd7048db36a0;Bathycoccus	88.215	297	35	0	1	297	1	297	8.72e-99	355
M02215:3:000000000-B9JT7:1:2104:6792:221141:N:0:1;size=2;	a64ab751b69ad1c2dc45814951dd0b3fce5c88aa;Micromonas	100.000	313	0	0	1	313	1	313	4.65e-166	579
M02215:3:000000000-B9JT7:1:2104:8516:52311:N:0:1;size=2;	882bcbeccf43f6ad24cd4dddc65e79df5feeaa78;Bathycoccus	98.494	332	4	1	1	332	1	331	1.02e-167	584
M02215:3:000000000-B9JT7:1:2105:17092:23871:N:0:1;size=2;	d92752cfdd8fd1a32b49db69adb3e1e7a3b4e8cc;Cyclotella	99.681	313	1	0	1	313	1	313	2.21e-164	573
M02215:3:000000000-B9JT7:1:2105:17783:203861:N:0:1;size=2;	a64ab751b69ad1c2dc45814951dd0b3fce5c88aa;Micromonas	100.000	312	0	0	2	313	2	313	1.71e-165	577
M02215:3:000000000-B9JT7:1:2105:19057:225111:N:0:1;size=2;	d92752cfdd8fd1a32b49db69adb3e1e7a3b4e8cc;Cyclotella	99.681	313	1	0	1	313	1	313	2.21e-164	573
M02215:3:000000000-B9JT7:1:2106:10924:39501:N:0:1;size=2;	d92752cfdd8fd1a32b49db69adb3e1e7a3b4e8cc;Cyclotella	99.361	313	2	0	1	313	1	313	1.02e-162	568
M02215:3:000000000-B9JT7:1:2106:11808:45601:N:0:1;size=2;	b1a34b52e9dbe50cc0e7728a1c7595dcf1351f25;Littorina	100.000	313	0	0	1	313	1	313	4.67e-166	579
M02215:3:000000000-B9JT7:1:2106:16712:258881:N:0:1;size=2;	a4c5abb6f8cf3f8e1f96fcd812149a53baef88bd;Micromonas	99.361	313	2	0	1	313	1	313	1.03e-162	568
M02215:3:000000000-B9JT7:1:2106:18129:157051:N:0:1;size=2;	6f98e637735b187cd156c79b8f022a0bc63d5fc5;Micromonas	100.000	313	0	0	1	313	1	313	4.75e-166	579
M02215:3:000000000-B9JT7:1:2107:13107:108301:N:0:1;size=2;	882bcbeccf43f6ad24cd4dddc65e79df5feeaa78;Bathycoccus	98.494	332	4	1	1	332	1	331	1.02e-167	584
M02215:3:000000000-B9JT7:1:2107:18033:30071:N:0:1;size=2;	882bcbeccf43f6ad24cd4dddc65e79df5feeaa78;Bathycoccus	98.235	340	6	0	1	340	1	340	4.72e-171	595
M02215:3:000000000-B9JT7:1:2107:5605:220301:N:0:1;size=2;	a64ab751b69ad1c2dc45814951dd0b3fce5c88aa;Micromonas	100.000	313	0	0	2	314	1	313	4.77e-166	579
M02215:3:000000000-B9JT7:1:2107:7270:127101:N:0:1;size=2;	882bcbeccf43f6ad24cd4dddc65e79df5feeaa78;Bathycoccus	98.494	332	4	1	1	332	1	331	1.02e-167	584
M02215:3:000000000-B9JT7:1:2108:12417:220821:N:0:1;size=2;	74bd536a982117e99a75e40240e0e3b1b1f81a5c;Triparma	100.000	313	0	0	1	313	1	313	4.75e-166	579
M02215:3:000000000-B9JT7:1:2108:14637:267891:N:0:1;size=2;	d92752cfdd8fd1a32b49db69adb3e1e7a3b4e8cc;Cyclotella	99.361	313	2	0	1	313	1	313	1.03e-162	568
M02215:3:000000000-B9JT7:1:2108:15910:188791:N:0:1;size=2;	d92752cfdd8fd1a32b49db69adb3e1e7a3b4e8cc;Cyclotella	99.681	313	1	0	1	313	1	313	2.10e-164	573
M02215:3:000000000-B9JT7:1:2108:20654:248871:N:0:1;size=2;	74bd536a982117e99a75e40240e0e3b1b1f81a5c;Triparma	100.000	313	0	0	1	313	1	313	4.45e-166	579
M02215:3:000000000-B9JT7:1:2108:20669:101121:N:0:1;size=2;	a64ab751b69ad1c2dc45814951dd0b3fce5c88aa;Micromonas	100.000	297	0	0	1	297	1	297	3.73e-157	549
M02215:3:000000000-B9JT7:1:2108:21627:151791:N:0:1;size=2;	d92752cfdd8fd1a32b49db69adb3e1e7a3b4e8cc;Cyclotella	99.681	313	1	0	1	313	1	313	2.21e-164	573
M02215:3:000000000-B9JT7:1:2108:6170:88011:N:0:1;size=2;	a64ab751b69ad1c2dc45814951dd0b3fce5c88aa;Micromonas	100.000	313	0	0	1	313	1	313	4.69e-166	579
M02215:3:000000000-B9JT7:1:2108:8891:173981:N:0:1;size=2;	74bd536a982117e99a75e40240e0e3b1b1f81a5c;Triparma	100.000	313	0	0	1	313	1	313	4.75e-166	579
M02215:3:000000000-B9JT7:1:2109:11552:235071:N:0:1;size=2;	d92752cfdd8fd1a32b49db69adb3e1e7a3b4e8cc;Cyclotella	99.681	313	1	0	1	313	1	313	2.21e-164	573
M02215:3:000000000-B9JT7:1:2109:6218:227681:N:0:1;size=2;	a64ab751b69ad1c2dc45814951dd0b3fce5c88aa;Micromonas	100.000	312	0	0	2	313	2	313	1.71e-165	577
M02215:3:000000000-B9JT7:1:2110:14421:33661:N:0:1;size=2;	74bd536a982117e99a75e40240e0e3b1b1f81a5c;Triparma	100.000	313	0	0	1	313	1	313	4.75e-166	579
M02215:3:000000000-B9JT7:1:2110:2780:170591:N:0:1;size=2;	74bd536a982117e99a75e40240e0e3b1b1f81a5c;Triparma	100.000	313	0	0	1	313	1	313	4.75e-166	579
M02215:3:000000000-B9JT7:1:2111:11269:183841:N:0:1;size=2;	a4c5abb6f8cf3f8e1f96fcd812149a53baef88bd;Micromonas	96.805	313	10	0	1	313	1	313	2.26e-149	523
M02215:3:000000000-B9JT7:1:2111:14673:54261:N:0:1;size=2;	32162e451e12cdf5cf3628007e99b0efa1ba946b;Phaeocystis	100.000	313	0	0	1	313	1	313	4.75e-166	579
M02215:3:000000000-B9JT7:1:2111:14944:46081:N:0:1;size=2;	d92752cfdd8fd1a32b49db69adb3e1e7a3b4e8cc;Cyclotella	99.681	313	1	0	1	313	1	313	2.21e-164	573
M02215:3:000000000-B9JT7:1:2111:19886:98051:N:0:1;size=2;	5ae1341da7ed3b29f88201563c85b12b0112a65a;Minutocellus	100.000	313	0	0	1	313	1	313	4.75e-166	579
M02215:3:000000000-B9JT7:1:2111:8418:37161:N:0:1;size=2;	882bcbeccf43f6ad24cd4dddc65e79df5feeaa78;Bathycoccus	98.193	332	5	1	1	332	1	331	4.75e-166	579
M02215:3:000000000-B9JT7:1:2113:9783:99631:N:0:1;size=2;	6f98e637735b187cd156c79b8f022a0bc63d5fc5;Micromonas	100.000	313	0	0	1	313	1	313	4.75e-166	579
