M02215:3:000000000-B9JT7:1:1101:20939:40721:N:0:1;size=1961;	d92752cfdd8fd1a32b49db69adb3e1e7a3b4e8cc;Cyclotella	99.681	313	1	0	1	313	1	313	2.18e-164	573
M02215:3:000000000-B9JT7:1:1101:16652:174081:N:0:1;size=10346;	d92752cfdd8fd1a32b49db69adb3e1e7a3b4e8cc;Cyclotella	99.681	313	1	0	1	313	1	313	2.21e-164	573
M02215:3:000000000-B9JT7:1:1101:14612:288131:N:0:1;size=196;	d92752cfdd8fd1a32b49db69adb3e1e7a3b4e8cc;Cyclotella	99.681	313	1	0	1	313	1	313	2.21e-164	573
M02215:3:000000000-B9JT7:1:1102:14780:161111:N:0:1;size=1213;	882bcbeccf43f6ad24cd4dddc65e79df5feeaa78;Bathycoccus	98.810	336	4	0	1	336	1	336	3.60e-172	599
M02215:3:000000000-B9JT7:1:1101:16243:63411:N:0:1;size=41;	882bcbeccf43f6ad24cd4dddc65e79df5feeaa78;Bathycoccus	99.091	330	3	0	1	330	1	330	1.68e-170	593
M02215:3:000000000-B9JT7:1:1101:9059:110761:N:0:1;size=37;	d92752cfdd8fd1a32b49db69adb3e1e7a3b4e8cc;Cyclotella	99.681	313	1	0	1	313	1	313	2.21e-164	573
M02215:3:000000000-B9JT7:1:1101:16669:43371:N:0:1;size=53;	d92752cfdd8fd1a32b49db69adb3e1e7a3b4e8cc;Cyclotella	99.681	313	1	0	1	313	1	313	2.21e-164	573
M02215:3:000000000-B9JT7:1:1102:27398:179271:N:0:1;size=25;	d92752cfdd8fd1a32b49db69adb3e1e7a3b4e8cc;Cyclotella	99.681	313	1	0	1	313	1	313	2.21e-164	573
M02215:3:000000000-B9JT7:1:1101:8967:105471:N:0:1;size=2919;	882bcbeccf43f6ad24cd4dddc65e79df5feeaa78;Bathycoccus	98.788	330	4	0	1	330	1	330	7.90e-169	588
M02215:3:000000000-B9JT7:1:1101:9523:89631:N:0:1;size=327;	d92752cfdd8fd1a32b49db69adb3e1e7a3b4e8cc;Cyclotella	99.681	313	1	0	1	313	1	313	2.15e-164	573
M02215:3:000000000-B9JT7:1:1102:14972:176351:N:0:1;size=247;	d92752cfdd8fd1a32b49db69adb3e1e7a3b4e8cc;Cyclotella	99.681	313	1	0	1	313	1	313	2.12e-164	573
M02215:3:000000000-B9JT7:1:1101:27526:187701:N:0:1;size=31;	882bcbeccf43f6ad24cd4dddc65e79df5feeaa78;Bathycoccus	98.810	336	4	0	1	336	1	336	3.65e-172	599
M02215:3:000000000-B9JT7:1:1102:6736:107531:N:0:1;size=15;	882bcbeccf43f6ad24cd4dddc65e79df5feeaa78;Bathycoccus	98.810	336	4	0	1	336	1	336	3.65e-172	599
M02215:3:000000000-B9JT7:1:1101:8676:109901:N:0:1;size=101;	d92752cfdd8fd1a32b49db69adb3e1e7a3b4e8cc;Cyclotella	99.681	313	1	0	1	313	1	313	2.08e-164	573
M02215:3:000000000-B9JT7:1:1101:16996:163371:N:0:1;size=77;	d92752cfdd8fd1a32b49db69adb3e1e7a3b4e8cc;Cyclotella	99.681	313	1	0	1	313	1	313	2.14e-164	573
M02215:3:000000000-B9JT7:1:1102:12523:94441:N:0:1;size=39;	d92752cfdd8fd1a32b49db69adb3e1e7a3b4e8cc;Cyclotella	99.681	313	1	0	1	313	1	313	2.06e-164	573
M02215:3:000000000-B9JT7:1:1102:27337:90701:N:0:1;size=12;	d92752cfdd8fd1a32b49db69adb3e1e7a3b4e8cc;Cyclotella	99.681	313	1	0	1	313	1	313	2.21e-164	573
M02215:3:000000000-B9JT7:1:1107:7877:88271:N:0:1;size=28;	882bcbeccf43f6ad24cd4dddc65e79df5feeaa78;Bathycoccus	98.512	336	5	0	1	336	1	336	1.70e-170	593
M02215:3:000000000-B9JT7:1:1101:10189:170111:N:0:1;size=75;	882bcbeccf43f6ad24cd4dddc65e79df5feeaa78;Bathycoccus	98.507	335	5	0	1	335	1	335	5.86e-170	592
M02215:3:000000000-B9JT7:1:1102:16063:103561:N:0:1;size=24;	882bcbeccf43f6ad24cd4dddc65e79df5feeaa78;Bathycoccus	99.091	330	3	0	1	330	1	330	1.63e-170	593
M02215:3:000000000-B9JT7:1:1104:18867:76731:N:0:1;size=11;	882bcbeccf43f6ad24cd4dddc65e79df5feeaa78;Bathycoccus	99.091	330	3	0	1	330	1	330	1.70e-170	593
M02215:3:000000000-B9JT7:1:1101:12544:177681:N:0:1;size=79;	882bcbeccf43f6ad24cd4dddc65e79df5feeaa78;Bathycoccus	98.810	336	4	0	1	336	1	336	3.55e-172	599
M02215:3:000000000-B9JT7:1:1104:3697:173031:N:0:1;size=10;	d92752cfdd8fd1a32b49db69adb3e1e7a3b4e8cc;Cyclotella	99.681	313	1	0	1	313	1	313	2.21e-164	573
M02215:3:000000000-B9JT7:1:1101:11114:46731:N:0:1;size=9;	882bcbeccf43f6ad24cd4dddc65e79df5feeaa78;Bathycoccus	99.091	330	3	0	1	330	1	330	1.65e-170	593
M02215:3:000000000-B9JT7:1:1102:14056:132141:N:0:1;size=9;	d92752cfdd8fd1a32b49db69adb3e1e7a3b4e8cc;Cyclotella	99.681	313	1	0	1	313	1	313	2.21e-164	573
M02215:3:000000000-B9JT7:1:1103:20660:65981:N:0:1;size=9;	882bcbeccf43f6ad24cd4dddc65e79df5feeaa78;Bathycoccus	98.810	336	4	0	1	336	1	336	3.65e-172	599
M02215:3:000000000-B9JT7:1:1103:23731:50441:N:0:1;size=9;	882bcbeccf43f6ad24cd4dddc65e79df5feeaa78;Bathycoccus	98.810	336	4	0	1	336	1	336	3.55e-172	599
M02215:3:000000000-B9JT7:1:1105:16446:50181:N:0:1;size=14;	882bcbeccf43f6ad24cd4dddc65e79df5feeaa78;Bathycoccus	98.810	336	4	0	1	336	1	336	3.65e-172	599
M02215:3:000000000-B9JT7:1:1101:13212:29351:N:0:1;size=43;	d92752cfdd8fd1a32b49db69adb3e1e7a3b4e8cc;Cyclotella	99.681	313	1	0	1	313	1	313	2.10e-164	573
M02215:3:000000000-B9JT7:1:1101:9662:130311:N:0:1;size=8;	882bcbeccf43f6ad24cd4dddc65e79df5feeaa78;Bathycoccus	99.091	330	3	0	1	330	1	330	1.70e-170	593
M02215:3:000000000-B9JT7:1:1103:26462:224781:N:0:1;size=27;	882bcbeccf43f6ad24cd4dddc65e79df5feeaa78;Bathycoccus	98.784	329	4	0	1	329	1	329	2.68e-168	586
M02215:3:000000000-B9JT7:1:1104:14258:218651:N:0:1;size=8;	d92752cfdd8fd1a32b49db69adb3e1e7a3b4e8cc;Cyclotella	99.681	313	1	0	1	313	1	313	2.21e-164	573
M02215:3:000000000-B9JT7:1:1105:11310:67081:N:0:1;size=22;	882bcbeccf43f6ad24cd4dddc65e79df5feeaa78;Bathycoccus	98.788	330	4	0	1	330	1	330	7.63e-169	588
M02215:3:000000000-B9JT7:1:1105:23690:46991:N:0:1;size=8;	d92752cfdd8fd1a32b49db69adb3e1e7a3b4e8cc;Cyclotella	99.681	313	1	0	1	313	1	313	2.21e-164	573
M02215:3:000000000-B9JT7:1:1101:14175:84301:N:0:1;size=7;	882bcbeccf43f6ad24cd4dddc65e79df5feeaa78;Bathycoccus	98.795	332	3	1	1	332	1	331	2.20e-169	590
M02215:3:000000000-B9JT7:1:1101:3628:167371:N:0:1;size=14;	882bcbeccf43f6ad24cd4dddc65e79df5feeaa78;Bathycoccus	98.810	336	4	0	1	336	1	336	3.65e-172	599
M02215:3:000000000-B9JT7:1:1101:6495:103441:N:0:1;size=7;	d92752cfdd8fd1a32b49db69adb3e1e7a3b4e8cc;Cyclotella	99.681	313	1	0	1	313	1	313	2.21e-164	573
M02215:3:000000000-B9JT7:1:1101:6828:182881:N:0:1;size=23;	d92752cfdd8fd1a32b49db69adb3e1e7a3b4e8cc;Cyclotella	99.681	313	1	0	1	313	1	313	2.17e-164	573
M02215:3:000000000-B9JT7:1:1102:11041:143091:N:0:1;size=7;	882bcbeccf43f6ad24cd4dddc65e79df5feeaa78;Bathycoccus	99.394	330	2	0	1	330	1	330	3.65e-172	599
M02215:3:000000000-B9JT7:1:1103:14280:51501:N:0:1;size=7;	d92752cfdd8fd1a32b49db69adb3e1e7a3b4e8cc;Cyclotella	99.361	313	2	0	1	313	1	313	1.03e-162	568
M02215:3:000000000-B9JT7:1:1103:26405:66991:N:0:1;size=19;	882bcbeccf43f6ad24cd4dddc65e79df5feeaa78;Bathycoccus	99.091	330	3	0	1	330	1	330	1.67e-170	593
M02215:3:000000000-B9JT7:1:1104:16770:114611:N:0:1;size=7;	882bcbeccf43f6ad24cd4dddc65e79df5feeaa78;Bathycoccus	98.512	336	5	0	1	336	1	336	1.70e-170	593
M02215:3:000000000-B9JT7:1:1106:8311:74071:N:0:1;size=7;	d92752cfdd8fd1a32b49db69adb3e1e7a3b4e8cc;Cyclotella	99.361	313	2	0	1	313	1	313	1.03e-162	568
M02215:3:000000000-B9JT7:1:1101:10130:230791:N:0:1;size=10;	882bcbeccf43f6ad24cd4dddc65e79df5feeaa78;Bathycoccus	99.096	332	2	1	1	332	1	331	4.72e-171	595
M02215:3:000000000-B9JT7:1:1102:12455:63921:N:0:1;size=10;	d92752cfdd8fd1a32b49db69adb3e1e7a3b4e8cc;Cyclotella	99.361	313	2	0	1	313	1	313	1.03e-162	568
M02215:3:000000000-B9JT7:1:1102:17872:146231:N:0:1;size=6;	882bcbeccf43f6ad24cd4dddc65e79df5feeaa78;Bathycoccus	99.394	330	2	0	1	330	1	330	3.65e-172	599
M02215:3:000000000-B9JT7:1:1102:5984:85681:N:0:1;size=6;	882bcbeccf43f6ad24cd4dddc65e79df5feeaa78;Bathycoccus	99.091	330	3	0	1	330	1	330	1.70e-170	593
M02215:3:000000000-B9JT7:1:1103:15374:223311:N:0:1;size=6;	882bcbeccf43f6ad24cd4dddc65e79df5feeaa78;Bathycoccus	99.394	330	2	0	1	330	1	330	3.65e-172	599
M02215:3:000000000-B9JT7:1:1103:17395:129411:N:0:1;size=6;	d92752cfdd8fd1a32b49db69adb3e1e7a3b4e8cc;Cyclotella	99.361	313	2	0	1	313	1	313	1.01e-162	568
M02215:3:000000000-B9JT7:1:1107:4157:104961:N:0:1;size=13;	882bcbeccf43f6ad24cd4dddc65e79df5feeaa78;Bathycoccus	98.810	336	4	0	1	336	1	336	3.65e-172	599
M02215:3:000000000-B9JT7:1:1102:25522:62271:N:0:1;size=5;	882bcbeccf43f6ad24cd4dddc65e79df5feeaa78;Bathycoccus	99.096	332	2	1	1	332	1	331	4.72e-171	595
M02215:3:000000000-B9JT7:1:1102:5286:164541:N:0:1;size=13;	882bcbeccf43f6ad24cd4dddc65e79df5feeaa78;Bathycoccus	98.788	330	4	0	1	330	1	330	7.51e-169	588
M02215:3:000000000-B9JT7:1:1104:15021:181481:N:0:1;size=5;	882bcbeccf43f6ad24cd4dddc65e79df5feeaa78;Bathycoccus	98.494	332	4	1	1	332	1	331	1.02e-167	584
M02215:3:000000000-B9JT7:1:1106:19030:261431:N:0:1;size=5;	882bcbeccf43f6ad24cd4dddc65e79df5feeaa78;Bathycoccus	98.214	336	6	0	1	336	1	336	7.90e-169	588
M02215:3:000000000-B9JT7:1:1106:26582:132211:N:0:1;size=5;	882bcbeccf43f6ad24cd4dddc65e79df5feeaa78;Bathycoccus	98.795	332	3	1	1	332	1	331	2.20e-169	590
M02215:3:000000000-B9JT7:1:1101:10350:158081:N:0:1;size=4;	d92752cfdd8fd1a32b49db69adb3e1e7a3b4e8cc;Cyclotella	99.361	313	2	0	1	313	1	313	1.03e-162	568
M02215:3:000000000-B9JT7:1:1101:10996:203761:N:0:1;size=4;	882bcbeccf43f6ad24cd4dddc65e79df5feeaa78;Bathycoccus	98.810	336	4	0	1	336	1	336	3.65e-172	599
M02215:3:000000000-B9JT7:1:1101:18195:260851:N:0:1;size=4;	882bcbeccf43f6ad24cd4dddc65e79df5feeaa78;Bathycoccus	98.795	332	3	1	1	332	1	331	2.20e-169	590
M02215:3:000000000-B9JT7:1:1101:18634:127491:N:0:1;size=4;	882bcbeccf43f6ad24cd4dddc65e79df5feeaa78;Bathycoccus	98.512	336	5	0	1	336	1	336	1.70e-170	593
M02215:3:000000000-B9JT7:1:1101:20780:200821:N:0:1;size=4;	c851d42c5e77ef1a59f9911bb23495b0130eb031;Balanus	100.000	313	0	0	1	313	1	313	4.62e-166	579
M02215:3:000000000-B9JT7:1:1101:22941:125021:N:0:1;size=4;	c851d42c5e77ef1a59f9911bb23495b0130eb031;Balanus	100.000	313	0	0	1	313	1	313	4.75e-166	579
M02215:3:000000000-B9JT7:1:1101:6059:95991:N:0:1;size=4;	d92752cfdd8fd1a32b49db69adb3e1e7a3b4e8cc;Cyclotella	99.361	313	2	0	1	313	1	313	1.01e-162	568
M02215:3:000000000-B9JT7:1:1102:15291:98871:N:0:1;size=4;	882bcbeccf43f6ad24cd4dddc65e79df5feeaa78;Bathycoccus	98.810	336	4	0	1	336	1	336	3.65e-172	599
M02215:3:000000000-B9JT7:1:1102:15782:32811:N:0:1;size=4;	882bcbeccf43f6ad24cd4dddc65e79df5feeaa78;Bathycoccus	98.512	336	5	0	1	336	1	336	1.70e-170	593
M02215:3:000000000-B9JT7:1:1102:19481:94951:N:0:1;size=4;	d92752cfdd8fd1a32b49db69adb3e1e7a3b4e8cc;Cyclotella	99.361	313	2	0	1	313	1	313	1.03e-162	568
M02215:3:000000000-B9JT7:1:1103:16316:167911:N:0:1;size=8;	882bcbeccf43f6ad24cd4dddc65e79df5feeaa78;Bathycoccus	99.091	330	3	0	1	330	1	330	1.70e-170	593
M02215:3:000000000-B9JT7:1:1104:13040:256411:N:0:1;size=4;	882bcbeccf43f6ad24cd4dddc65e79df5feeaa78;Bathycoccus	99.085	328	3	0	1	328	1	328	2.06e-169	590
M02215:3:000000000-B9JT7:1:1104:16151:35091:N:0:1;size=4;	d92752cfdd8fd1a32b49db69adb3e1e7a3b4e8cc;Cyclotella	99.361	313	2	0	1	313	1	313	1.03e-162	568
M02215:3:000000000-B9JT7:1:1104:7039:222881:N:0:1;size=17;	882bcbeccf43f6ad24cd4dddc65e79df5feeaa78;Bathycoccus	99.688	321	1	0	1	321	1	321	7.37e-169	588
M02215:3:000000000-B9JT7:1:1106:10717:139571:N:0:1;size=4;	d92752cfdd8fd1a32b49db69adb3e1e7a3b4e8cc;Cyclotella	99.681	313	1	0	1	313	1	313	2.05e-164	573
M02215:3:000000000-B9JT7:1:1109:13268:77191:N:0:1;size=4;	882bcbeccf43f6ad24cd4dddc65e79df5feeaa78;Bathycoccus	99.394	330	2	0	1	330	1	330	3.53e-172	599
M02215:3:000000000-B9JT7:1:1109:6442:217491:N:0:1;size=6;	882bcbeccf43f6ad24cd4dddc65e79df5feeaa78;Bathycoccus	98.512	336	5	0	1	336	1	336	1.67e-170	593
M02215:3:000000000-B9JT7:1:1110:3626:87961:N:0:1;size=4;	882bcbeccf43f6ad24cd4dddc65e79df5feeaa78;Bathycoccus	99.107	336	3	0	1	336	1	336	7.84e-174	604
M02215:3:000000000-B9JT7:1:1101:19658:131241:N:0:1;size=3;	882bcbeccf43f6ad24cd4dddc65e79df5feeaa78;Bathycoccus	100.000	316	0	0	1	316	1	316	9.22e-168	584
M02215:3:000000000-B9JT7:1:1101:20448:46321:N:0:1;size=8;	c851d42c5e77ef1a59f9911bb23495b0130eb031;Balanus	100.000	313	0	0	1	313	1	313	4.69e-166	579
M02215:3:000000000-B9JT7:1:1101:22655:68021:N:0:1;size=3;	882bcbeccf43f6ad24cd4dddc65e79df5feeaa78;Bathycoccus	99.394	330	2	0	1	330	1	330	3.47e-172	599
M02215:3:000000000-B9JT7:1:1101:26208:228691:N:0:1;size=3;	882bcbeccf43f6ad24cd4dddc65e79df5feeaa78;Bathycoccus	99.096	332	2	1	1	332	1	331	4.58e-171	595
M02215:3:000000000-B9JT7:1:1102:25898:71741:N:0:1;size=3;	882bcbeccf43f6ad24cd4dddc65e79df5feeaa78;Bathycoccus	98.810	336	4	0	1	336	1	336	3.65e-172	599
M02215:3:000000000-B9JT7:1:1102:9892:151791:N:0:1;size=6;	882bcbeccf43f6ad24cd4dddc65e79df5feeaa78;Bathycoccus	99.405	336	2	0	1	336	1	336	1.69e-175	610
M02215:3:000000000-B9JT7:1:1102:9996:139621:N:0:1;size=3;	d92752cfdd8fd1a32b49db69adb3e1e7a3b4e8cc;Cyclotella	99.681	313	1	0	1	313	1	313	2.17e-164	573
M02215:3:000000000-B9JT7:1:1103:10312:127401:N:0:1;size=3;	31973166459e240fc4763b6724e6c06b73487666;Arrhinactia	100.000	313	0	0	1	313	1	313	4.69e-166	579
M02215:3:000000000-B9JT7:1:1103:10359:185181:N:0:1;size=3;	c851d42c5e77ef1a59f9911bb23495b0130eb031;Balanus	100.000	313	0	0	1	313	1	313	4.75e-166	579
M02215:3:000000000-B9JT7:1:1103:12986:242831:N:0:1;size=3;	d92752cfdd8fd1a32b49db69adb3e1e7a3b4e8cc;Cyclotella	99.681	313	1	0	1	313	1	313	2.16e-164	573
M02215:3:000000000-B9JT7:1:1103:9273:172091:N:0:1;size=10;	c851d42c5e77ef1a59f9911bb23495b0130eb031;Balanus	100.000	313	0	0	1	313	1	313	4.69e-166	579
M02215:3:000000000-B9JT7:1:1104:16291:101631:N:0:1;size=7;	a64ab751b69ad1c2dc45814951dd0b3fce5c88aa;Micromonas	100.000	313	0	0	1	313	1	313	4.62e-166	579
M02215:3:000000000-B9JT7:1:1105:14272:260181:N:0:1;size=8;	ff4e95668fa8b380cca5e4b0f31f4254eb8ac4a5;Phytophthora	84.641	306	47	0	8	313	8	313	8.66e-84	305
M02215:3:000000000-B9JT7:1:1105:4402:72641:N:0:1;size=3;	d92752cfdd8fd1a32b49db69adb3e1e7a3b4e8cc;Cyclotella	99.361	313	2	0	1	313	1	313	1.03e-162	568
M02215:3:000000000-B9JT7:1:1106:7005:82101:N:0:1;size=3;	d92752cfdd8fd1a32b49db69adb3e1e7a3b4e8cc;Cyclotella	99.681	313	1	0	1	313	1	313	2.11e-164	573
M02215:3:000000000-B9JT7:1:1107:14837:72661:N:0:1;size=3;	d92752cfdd8fd1a32b49db69adb3e1e7a3b4e8cc;Cyclotella	99.681	313	1	0	1	313	1	313	2.21e-164	573
M02215:3:000000000-B9JT7:1:1107:16570:222831:N:0:1;size=11;	d92752cfdd8fd1a32b49db69adb3e1e7a3b4e8cc;Cyclotella	99.681	313	1	0	1	313	1	313	2.00e-164	573
M02215:3:000000000-B9JT7:1:1107:23773:210441:N:0:1;size=11;	a64ab751b69ad1c2dc45814951dd0b3fce5c88aa;Micromonas	100.000	313	0	0	1	313	1	313	4.71e-166	579
M02215:3:000000000-B9JT7:1:1107:5368:240331:N:0:1;size=3;	b5106ced9f40103b80cd9e6d82beee48bb5d2f39;Balanus	99.681	313	1	0	1	313	1	313	2.21e-164	573
M02215:3:000000000-B9JT7:1:1108:28804:164601:N:0:1;size=3;	d92752cfdd8fd1a32b49db69adb3e1e7a3b4e8cc;Cyclotella	99.361	313	2	0	1	313	1	313	1.03e-162	568
M02215:3:000000000-B9JT7:1:1109:24668:213121:N:0:1;size=3;	d92752cfdd8fd1a32b49db69adb3e1e7a3b4e8cc;Cyclotella	99.681	313	1	0	1	313	1	313	2.21e-164	573
M02215:3:000000000-B9JT7:1:1109:5985:138011:N:0:1;size=5;	b5106ced9f40103b80cd9e6d82beee48bb5d2f39;Balanus	100.000	313	0	0	1	313	1	313	4.75e-166	579
M02215:3:000000000-B9JT7:1:1110:2213:173341:N:0:1;size=3;	d92752cfdd8fd1a32b49db69adb3e1e7a3b4e8cc;Cyclotella	99.361	313	2	0	1	313	1	313	1.03e-162	568
M02215:3:000000000-B9JT7:1:1112:21419:212041:N:0:1;size=3;	882bcbeccf43f6ad24cd4dddc65e79df5feeaa78;Bathycoccus	98.795	332	3	1	1	332	1	331	2.20e-169	590
M02215:3:000000000-B9JT7:1:1112:7468:102631:N:0:1;size=3;	d92752cfdd8fd1a32b49db69adb3e1e7a3b4e8cc;Cyclotella	99.681	313	1	0	1	313	1	313	2.21e-164	573
M02215:3:000000000-B9JT7:1:1112:8410:131281:N:0:1;size=3;	a64ab751b69ad1c2dc45814951dd0b3fce5c88aa;Micromonas	100.000	313	0	0	1	313	1	313	4.69e-166	579
M02215:3:000000000-B9JT7:1:1112:9535:91531:N:0:1;size=3;	882bcbeccf43f6ad24cd4dddc65e79df5feeaa78;Bathycoccus	99.107	336	3	0	1	336	1	336	7.58e-174	604
M02215:3:000000000-B9JT7:1:1113:23447:77921:N:0:1;size=3;	882bcbeccf43f6ad24cd4dddc65e79df5feeaa78;Bathycoccus	99.405	336	2	0	1	336	1	336	1.69e-175	610
M02215:3:000000000-B9JT7:1:2102:5059:137061:N:0:1;size=3;	882bcbeccf43f6ad24cd4dddc65e79df5feeaa78;Bathycoccus	99.096	332	2	1	1	332	1	331	4.72e-171	595
M02215:3:000000000-B9JT7:1:2105:14555:196291:N:0:1;size=3;	882bcbeccf43f6ad24cd4dddc65e79df5feeaa78;Bathycoccus	98.214	336	6	0	1	336	1	336	7.90e-169	588
M02215:3:000000000-B9JT7:1:2106:10958:204661:N:0:1;size=11;	b5106ced9f40103b80cd9e6d82beee48bb5d2f39;Balanus	100.000	313	0	0	1	313	1	313	4.69e-166	579
M02215:3:000000000-B9JT7:1:2108:9134:136691:N:0:1;size=5;	ff4e95668fa8b380cca5e4b0f31f4254eb8ac4a5;Phytophthora	84.641	306	47	0	8	313	8	313	8.91e-84	305
M02215:3:000000000-B9JT7:1:1101:13057:87341:N:0:1;size=4;	43cdd9bcff01e80713af243417de400f0b175a07;Dictyocha	100.000	313	0	0	1	313	1	313	4.62e-166	579
M02215:3:000000000-B9JT7:1:1101:20103:102751:N:0:1;size=2;	c851d42c5e77ef1a59f9911bb23495b0130eb031;Balanus	100.000	313	0	0	1	313	1	313	4.75e-166	579
M02215:3:000000000-B9JT7:1:1101:2068:165581:N:0:1;size=2;	b5106ced9f40103b80cd9e6d82beee48bb5d2f39;Balanus	99.681	313	1	0	1	313	1	313	2.21e-164	573
M02215:3:000000000-B9JT7:1:1101:21756:124431:N:0:1;size=2;	ff4e95668fa8b380cca5e4b0f31f4254eb8ac4a5;Phytophthora	84.641	306	47	0	8	313	8	313	8.91e-84	305
M02215:3:000000000-B9JT7:1:1101:23342:49241:N:0:1;size=4;	d92752cfdd8fd1a32b49db69adb3e1e7a3b4e8cc;Cyclotella	99.681	313	1	0	1	313	1	313	2.02e-164	573
M02215:3:000000000-B9JT7:1:1101:24779:213671:N:0:1;size=2;	c851d42c5e77ef1a59f9911bb23495b0130eb031;Balanus	100.000	313	0	0	1	313	1	313	4.75e-166	579
M02215:3:000000000-B9JT7:1:1101:26374:87701:N:0:1;size=2;	ff4e95668fa8b380cca5e4b0f31f4254eb8ac4a5;Phytophthora	84.641	306	47	0	8	313	8	313	8.80e-84	305
M02215:3:000000000-B9JT7:1:1101:28986:126981:N:0:1;size=2;	b5106ced9f40103b80cd9e6d82beee48bb5d2f39;Balanus	100.000	313	0	0	1	313	1	313	4.75e-166	579
M02215:3:000000000-B9JT7:1:1101:4783:148831:N:0:1;size=2;	b5106ced9f40103b80cd9e6d82beee48bb5d2f39;Balanus	100.000	313	0	0	1	313	1	313	4.75e-166	579
M02215:3:000000000-B9JT7:1:1102:10306:170271:N:0:1;size=2;	d92752cfdd8fd1a32b49db69adb3e1e7a3b4e8cc;Cyclotella	99.674	307	1	0	1	307	1	307	4.79e-161	562
M02215:3:000000000-B9JT7:1:1102:14046:251101:N:0:1;size=2;	a64ab751b69ad1c2dc45814951dd0b3fce5c88aa;Micromonas	100.000	313	0	0	1	313	1	313	4.75e-166	579
M02215:3:000000000-B9JT7:1:1102:15344:152091:N:0:1;size=8;	ff4e95668fa8b380cca5e4b0f31f4254eb8ac4a5;Phytophthora	84.641	306	47	0	8	313	8	313	8.91e-84	305
M02215:3:000000000-B9JT7:1:1102:25471:82271:N:0:1;size=2;	76a7a1f0826e9311ce6851450c554c49c7c53bf3;Haptoglossa	78.231	294	64	0	20	313	20	313	9.10e-49	189
M02215:3:000000000-B9JT7:1:1102:9114:55551:N:0:1;size=4;	ff4e95668fa8b380cca5e4b0f31f4254eb8ac4a5;Phytophthora	84.641	306	47	0	8	313	8	313	8.91e-84	305
M02215:3:000000000-B9JT7:1:1102:9967:64081:N:0:1;size=2;	882bcbeccf43f6ad24cd4dddc65e79df5feeaa78;Bathycoccus	98.780	328	4	0	3	330	3	330	1.02e-167	584
M02215:3:000000000-B9JT7:1:1103:16096:155501:N:0:1;size=2;	ff4e95668fa8b380cca5e4b0f31f4254eb8ac4a5;Phytophthora	84.641	306	47	0	8	313	8	313	8.91e-84	305
M02215:3:000000000-B9JT7:1:1103:17717:116761:N:0:1;size=2;	a64ab751b69ad1c2dc45814951dd0b3fce5c88aa;Micromonas	100.000	313	0	0	1	313	1	313	4.75e-166	579
M02215:3:000000000-B9JT7:1:1103:17818:81281:N:0:1;size=2;	e7dda44f6c9b87fb1e724d2b2f3efc3a5ecfe3c9;Balanus	100.000	313	0	0	1	313	1	313	4.75e-166	579
M02215:3:000000000-B9JT7:1:1103:18905:50571:N:0:1;size=6;	31973166459e240fc4763b6724e6c06b73487666;Arrhinactia	100.000	313	0	0	1	313	1	313	4.75e-166	579
M02215:3:000000000-B9JT7:1:1103:19083:92561:N:0:1;size=2;	882bcbeccf43f6ad24cd4dddc65e79df5feeaa78;Bathycoccus	100.000	320	0	0	1	320	1	320	5.58e-170	592
M02215:3:000000000-B9JT7:1:1103:20625:205841:N:0:1;size=2;	31973166459e240fc4763b6724e6c06b73487666;Arrhinactia	100.000	313	0	0	1	313	1	313	4.75e-166	579
M02215:3:000000000-B9JT7:1:1103:20903:39481:N:0:1;size=2;	c851d42c5e77ef1a59f9911bb23495b0130eb031;Balanus	99.681	313	1	0	1	313	1	313	2.21e-164	573
M02215:3:000000000-B9JT7:1:1103:21779:155391:N:0:1;size=2;	ff4e95668fa8b380cca5e4b0f31f4254eb8ac4a5;Phytophthora	84.641	306	47	0	8	313	8	313	8.91e-84	305
M02215:3:000000000-B9JT7:1:1103:26483:161171:N:0:1;size=2;	c851d42c5e77ef1a59f9911bb23495b0130eb031;Balanus	100.000	313	0	0	1	313	1	313	4.69e-166	579
M02215:3:000000000-B9JT7:1:1103:28846:135211:N:0:1;size=2;	b5106ced9f40103b80cd9e6d82beee48bb5d2f39;Balanus	99.681	313	1	0	1	313	1	313	2.21e-164	573
M02215:3:000000000-B9JT7:1:1103:6692:71701:N:0:1;size=2;	69a16b54fda2d1a3865ffd17f8a1160cd50408b8;Mazzaella	87.580	314	35	3	1	312	1	312	1.87e-100	361
M02215:3:000000000-B9JT7:1:1103:7380:91511:N:0:1;size=2;	a64ab751b69ad1c2dc45814951dd0b3fce5c88aa;Micromonas	100.000	313	0	0	1	313	1	313	4.75e-166	579
M02215:3:000000000-B9JT7:1:1103:9123:53331:N:0:1;size=2;	b5106ced9f40103b80cd9e6d82beee48bb5d2f39;Balanus	100.000	313	0	0	1	313	1	313	4.75e-166	579
M02215:3:000000000-B9JT7:1:1104:11545:137481:N:0:1;size=2;	c851d42c5e77ef1a59f9911bb23495b0130eb031;Balanus	100.000	313	0	0	1	313	1	313	4.75e-166	579
M02215:3:000000000-B9JT7:1:1104:13863:35151:N:0:1;size=2;	31973166459e240fc4763b6724e6c06b73487666;Arrhinactia	99.681	313	1	0	1	313	1	313	2.18e-164	573
M02215:3:000000000-B9JT7:1:1104:17370:92671:N:0:1;size=2;	c851d42c5e77ef1a59f9911bb23495b0130eb031;Balanus	99.681	313	1	0	1	313	1	313	2.21e-164	573
M02215:3:000000000-B9JT7:1:1104:21118:54801:N:0:1;size=2;	6cd3dae6bcd1b228c39c696b5ee2005399f5d1a9;Paranemertes	100.000	313	0	0	1	313	1	313	4.75e-166	579
M02215:3:000000000-B9JT7:1:1104:22172:159211:N:0:1;size=2;	d92752cfdd8fd1a32b49db69adb3e1e7a3b4e8cc;Cyclotella	99.681	313	1	0	1	313	1	313	2.19e-164	573
M02215:3:000000000-B9JT7:1:1104:23022:213921:N:0:1;size=2;	b5106ced9f40103b80cd9e6d82beee48bb5d2f39;Balanus	100.000	313	0	0	1	313	1	313	4.75e-166	579
M02215:3:000000000-B9JT7:1:1104:26254:232021:N:0:1;size=2;	b5106ced9f40103b80cd9e6d82beee48bb5d2f39;Balanus	99.681	313	1	0	1	313	1	313	2.18e-164	573
M02215:3:000000000-B9JT7:1:1105:13147:44911:N:0:1;size=2;	882bcbeccf43f6ad24cd4dddc65e79df5feeaa78;Bathycoccus	98.788	330	4	0	1	330	1	330	7.80e-169	588
M02215:3:000000000-B9JT7:1:1105:17241:279251:N:0:1;size=4;	31973166459e240fc4763b6724e6c06b73487666;Arrhinactia	100.000	313	0	0	1	313	1	313	4.75e-166	579
M02215:3:000000000-B9JT7:1:1105:18101:153261:N:0:1;size=2;	c851d42c5e77ef1a59f9911bb23495b0130eb031;Balanus	100.000	313	0	0	1	313	1	313	4.75e-166	579
M02215:3:000000000-B9JT7:1:1105:19248:168001:N:0:1;size=2;	c851d42c5e77ef1a59f9911bb23495b0130eb031;Balanus	100.000	313	0	0	1	313	1	313	4.75e-166	579
M02215:3:000000000-B9JT7:1:1105:20938:281301:N:0:1;size=2;	a64ab751b69ad1c2dc45814951dd0b3fce5c88aa;Micromonas	100.000	313	0	0	1	313	1	313	4.67e-166	579
M02215:3:000000000-B9JT7:1:1105:21712:27871:N:0:1;size=2;	ecbcc3bd709776326a720729ad74c020c160aa3a;Chlorella	100.000	313	0	0	1	313	1	313	4.62e-166	579
M02215:3:000000000-B9JT7:1:1105:2351:182021:N:0:1;size=2;	74bd536a982117e99a75e40240e0e3b1b1f81a5c;Triparma	100.000	313	0	0	1	313	1	313	4.62e-166	579
M02215:3:000000000-B9JT7:1:1105:25041:197711:N:0:1;size=2;	a64ab751b69ad1c2dc45814951dd0b3fce5c88aa;Micromonas	100.000	313	0	0	1	313	1	313	4.75e-166	579
M02215:3:000000000-B9JT7:1:1105:3181:174451:N:0:1;size=2;	d92752cfdd8fd1a32b49db69adb3e1e7a3b4e8cc;Cyclotella	99.361	313	2	0	1	313	1	313	1.03e-162	568
M02215:3:000000000-B9JT7:1:1105:3899:204691:N:0:1;size=2;	c851d42c5e77ef1a59f9911bb23495b0130eb031;Balanus	99.681	313	1	0	1	313	1	313	2.21e-164	573
M02215:3:000000000-B9JT7:1:1105:3932:167371:N:0:1;size=2;	d92752cfdd8fd1a32b49db69adb3e1e7a3b4e8cc;Cyclotella	99.681	313	1	0	1	313	1	313	2.21e-164	573
M02215:3:000000000-B9JT7:1:1105:5530:130501:N:0:1;size=2;	6cd3dae6bcd1b228c39c696b5ee2005399f5d1a9;Paranemertes	100.000	313	0	0	1	313	1	313	4.75e-166	579
M02215:3:000000000-B9JT7:1:1106:10464:254111:N:0:1;size=2;	a64ab751b69ad1c2dc45814951dd0b3fce5c88aa;Micromonas	100.000	313	0	0	1	313	1	313	4.75e-166	579
M02215:3:000000000-B9JT7:1:1106:11039:161561:N:0:1;size=2;	c851d42c5e77ef1a59f9911bb23495b0130eb031;Balanus	100.000	313	0	0	1	313	1	313	4.75e-166	579
M02215:3:000000000-B9JT7:1:1106:12268:45921:N:0:1;size=2;	d92752cfdd8fd1a32b49db69adb3e1e7a3b4e8cc;Cyclotella	99.681	313	1	0	1	313	1	313	2.21e-164	573
M02215:3:000000000-B9JT7:1:1106:13256:269361:N:0:1;size=2;	ecbcc3bd709776326a720729ad74c020c160aa3a;Chlorella	100.000	313	0	0	1	313	1	313	4.75e-166	579
M02215:3:000000000-B9JT7:1:1106:13794:116841:N:0:1;size=2;	c851d42c5e77ef1a59f9911bb23495b0130eb031;Balanus	100.000	313	0	0	1	313	1	313	4.62e-166	579
M02215:3:000000000-B9JT7:1:1106:14754:104471:N:0:1;size=2;	d92752cfdd8fd1a32b49db69adb3e1e7a3b4e8cc;Cyclotella	99.361	313	2	0	1	313	1	313	1.03e-162	568
M02215:3:000000000-B9JT7:1:1106:20985:65041:N:0:1;size=2;	6cd3dae6bcd1b228c39c696b5ee2005399f5d1a9;Paranemertes	100.000	313	0	0	1	313	1	313	4.75e-166	579
M02215:3:000000000-B9JT7:1:1106:24479:67161:N:0:1;size=2;	c851d42c5e77ef1a59f9911bb23495b0130eb031;Balanus	100.000	313	0	0	1	313	1	313	4.75e-166	579
M02215:3:000000000-B9JT7:1:1107:13552:158181:N:0:1;size=2;	b5106ced9f40103b80cd9e6d82beee48bb5d2f39;Balanus	100.000	313	0	0	1	313	1	313	4.75e-166	579
M02215:3:000000000-B9JT7:1:1107:13701:60901:N:0:1;size=2;	c851d42c5e77ef1a59f9911bb23495b0130eb031;Balanus	100.000	313	0	0	1	313	1	313	4.62e-166	579
M02215:3:000000000-B9JT7:1:1107:17699:179751:N:0:1;size=2;	882bcbeccf43f6ad24cd4dddc65e79df5feeaa78;Bathycoccus	99.405	336	2	0	1	336	1	336	1.63e-175	610
M02215:3:000000000-B9JT7:1:1107:18542:182451:N:0:1;size=2;	d92752cfdd8fd1a32b49db69adb3e1e7a3b4e8cc;Cyclotella	99.674	307	1	0	1	307	1	307	4.79e-161	562
M02215:3:000000000-B9JT7:1:1107:19974:104541:N:0:1;size=2;	882bcbeccf43f6ad24cd4dddc65e79df5feeaa78;Bathycoccus	98.788	330	4	0	1	330	1	330	7.90e-169	588
M02215:3:000000000-B9JT7:1:1107:21848:157121:N:0:1;size=2;	c851d42c5e77ef1a59f9911bb23495b0130eb031;Balanus	100.000	313	0	0	1	313	1	313	4.75e-166	579
M02215:3:000000000-B9JT7:1:1107:25390:186071:N:0:1;size=2;	882bcbeccf43f6ad24cd4dddc65e79df5feeaa78;Bathycoccus	99.398	332	1	1	1	332	1	331	1.01e-172	601
M02215:3:000000000-B9JT7:1:1107:27184:217991:N:0:1;size=2;	a64ab751b69ad1c2dc45814951dd0b3fce5c88aa;Micromonas	100.000	313	0	0	1	313	1	313	4.45e-166	579
M02215:3:000000000-B9JT7:1:1107:27723:188431:N:0:1;size=2;	ff4e95668fa8b380cca5e4b0f31f4254eb8ac4a5;Phytophthora	84.641	306	47	0	8	313	8	313	8.91e-84	305
M02215:3:000000000-B9JT7:1:1107:6928:257831:N:0:1;size=2;	e325d1f099912e6ccbc04e8a41c9a59a4423985f;Micromonas	88.997	309	30	3	1	307	1	307	5.17e-106	379
M02215:3:000000000-B9JT7:1:1107:7015:175341:N:0:1;size=2;	31973166459e240fc4763b6724e6c06b73487666;Arrhinactia	100.000	313	0	0	1	313	1	313	4.75e-166	579
M02215:3:000000000-B9JT7:1:1107:8625:182681:N:0:1;size=2;	c851d42c5e77ef1a59f9911bb23495b0130eb031;Balanus	100.000	313	0	0	1	313	1	313	4.69e-166	579
M02215:3:000000000-B9JT7:1:1107:9997:53501:N:0:1;size=2;	d92752cfdd8fd1a32b49db69adb3e1e7a3b4e8cc;Cyclotella	99.674	307	1	0	1	307	1	307	4.74e-161	562
M02215:3:000000000-B9JT7:1:1108:16450:187331:N:0:1;size=4;	a64ab751b69ad1c2dc45814951dd0b3fce5c88aa;Micromonas	100.000	313	0	0	1	313	1	313	4.75e-166	579
M02215:3:000000000-B9JT7:1:1108:21251:74401:N:0:1;size=2;	d0ba7f801cf305d1b6c4f0d5f4534e83dbe783b4;Achlya	100.000	313	0	0	1	313	1	313	4.75e-166	579
M02215:3:000000000-B9JT7:1:1108:22564:143751:N:0:1;size=2;	ff4e95668fa8b380cca5e4b0f31f4254eb8ac4a5;Phytophthora	84.641	306	47	0	8	313	8	313	8.91e-84	305
M02215:3:000000000-B9JT7:1:1108:23626:250131:N:0:1;size=2;	c851d42c5e77ef1a59f9911bb23495b0130eb031;Balanus	99.681	313	1	0	1	313	1	313	2.17e-164	573
M02215:3:000000000-B9JT7:1:1108:23898:108511:N:0:1;size=2;	c851d42c5e77ef1a59f9911bb23495b0130eb031;Balanus	99.681	313	1	0	1	313	1	313	2.21e-164	573
M02215:3:000000000-B9JT7:1:1108:26268:96681:N:0:1;size=2;	31973166459e240fc4763b6724e6c06b73487666;Arrhinactia	100.000	313	0	0	1	313	1	313	4.75e-166	579
M02215:3:000000000-B9JT7:1:1109:10173:184931:N:0:1;size=2;	d92752cfdd8fd1a32b49db69adb3e1e7a3b4e8cc;Cyclotella	99.361	313	2	0	1	313	1	313	1.03e-162	568
M02215:3:000000000-B9JT7:1:1109:12915:144241:N:0:1;size=2;	b5106ced9f40103b80cd9e6d82beee48bb5d2f39;Balanus	99.681	313	1	0	1	313	1	313	2.21e-164	573
M02215:3:000000000-B9JT7:1:1109:17787:101591:N:0:1;size=2;	ff4e95668fa8b380cca5e4b0f31f4254eb8ac4a5;Phytophthora	84.641	306	47	0	8	313	8	313	8.66e-84	305
M02215:3:000000000-B9JT7:1:1109:28724:163661:N:0:1;size=2;	ff4e95668fa8b380cca5e4b0f31f4254eb8ac4a5;Phytophthora	84.641	306	47	0	8	313	8	313	8.91e-84	305
M02215:3:000000000-B9JT7:1:1109:3026:154681:N:0:1;size=2;	e7dda44f6c9b87fb1e724d2b2f3efc3a5ecfe3c9;Balanus	100.000	313	0	0	1	313	1	313	4.75e-166	579
M02215:3:000000000-B9JT7:1:1110:22024:139331:N:0:1;size=2;	e7dda44f6c9b87fb1e724d2b2f3efc3a5ecfe3c9;Balanus	100.000	313	0	0	1	313	1	313	4.75e-166	579
M02215:3:000000000-B9JT7:1:1110:22311:193851:N:0:1;size=2;	a64ab751b69ad1c2dc45814951dd0b3fce5c88aa;Micromonas	100.000	313	0	0	1	313	1	313	4.75e-166	579
M02215:3:000000000-B9JT7:1:1110:27978:134631:N:0:1;size=2;	882bcbeccf43f6ad24cd4dddc65e79df5feeaa78;Bathycoccus	98.810	336	4	0	1	336	1	336	3.65e-172	599
M02215:3:000000000-B9JT7:1:1110:7331:239341:N:0:1;size=2;	b5106ced9f40103b80cd9e6d82beee48bb5d2f39;Balanus	100.000	313	0	0	1	313	1	313	4.71e-166	579
M02215:3:000000000-B9JT7:1:1111:22956:228671:N:0:1;size=2;	c851d42c5e77ef1a59f9911bb23495b0130eb031;Balanus	100.000	313	0	0	1	313	1	313	4.75e-166	579
M02215:3:000000000-B9JT7:1:1111:23319:179201:N:0:1;size=4;	882bcbeccf43f6ad24cd4dddc65e79df5feeaa78;Bathycoccus	97.917	336	7	0	1	336	1	336	3.64e-167	582
M02215:3:000000000-B9JT7:1:1112:12304:60451:N:0:1;size=2;	31973166459e240fc4763b6724e6c06b73487666;Arrhinactia	100.000	313	0	0	1	313	1	313	4.75e-166	579
M02215:3:000000000-B9JT7:1:1112:14382:73021:N:0:1;size=4;	c851d42c5e77ef1a59f9911bb23495b0130eb031;Balanus	100.000	313	0	0	1	313	1	313	4.75e-166	579
M02215:3:000000000-B9JT7:1:1112:14995:77771:N:0:1;size=2;	6cd3dae6bcd1b228c39c696b5ee2005399f5d1a9;Paranemertes	100.000	313	0	0	1	313	1	313	4.75e-166	579
M02215:3:000000000-B9JT7:1:1112:15852:268801:N:0:1;size=2;	882bcbeccf43f6ad24cd4dddc65e79df5feeaa78;Bathycoccus	99.394	330	2	0	1	330	1	330	3.65e-172	599
M02215:3:000000000-B9JT7:1:1112:17343:27501:N:0:1;size=2;	b1a34b52e9dbe50cc0e7728a1c7595dcf1351f25;Littorina	100.000	313	0	0	1	313	1	313	4.75e-166	579
M02215:3:000000000-B9JT7:1:1112:17522:242091:N:0:1;size=2;	ff4e95668fa8b380cca5e4b0f31f4254eb8ac4a5;Phytophthora	84.641	306	47	0	8	313	8	313	8.91e-84	305
M02215:3:000000000-B9JT7:1:1112:23546:108481:N:0:1;size=2;	6cd3dae6bcd1b228c39c696b5ee2005399f5d1a9;Paranemertes	100.000	313	0	0	1	313	1	313	4.75e-166	579
M02215:3:000000000-B9JT7:1:1112:24471:122191:N:0:1;size=2;	c851d42c5e77ef1a59f9911bb23495b0130eb031;Balanus	100.000	313	0	0	1	313	1	313	4.75e-166	579
M02215:3:000000000-B9JT7:1:1112:25618:130101:N:0:1;size=2;	6cd3dae6bcd1b228c39c696b5ee2005399f5d1a9;Paranemertes	100.000	313	0	0	1	313	1	313	4.75e-166	579
M02215:3:000000000-B9JT7:1:1112:5159:112621:N:0:1;size=2;	b5106ced9f40103b80cd9e6d82beee48bb5d2f39;Balanus	100.000	313	0	0	1	313	1	313	4.75e-166	579
M02215:3:000000000-B9JT7:1:1112:7642:180261:N:0:1;size=2;	d92752cfdd8fd1a32b49db69adb3e1e7a3b4e8cc;Cyclotella	99.361	313	2	0	1	313	1	313	1.03e-162	568
M02215:3:000000000-B9JT7:1:1113:11359:134881:N:0:1;size=2;	882bcbeccf43f6ad24cd4dddc65e79df5feeaa78;Bathycoccus	98.788	330	4	0	1	330	1	330	7.90e-169	588
M02215:3:000000000-B9JT7:1:1113:11468:237321:N:0:1;size=2;	d92752cfdd8fd1a32b49db69adb3e1e7a3b4e8cc;Cyclotella	99.361	313	2	0	1	313	1	313	1.03e-162	568
M02215:3:000000000-B9JT7:1:1113:12473:242761:N:0:1;size=4;	882bcbeccf43f6ad24cd4dddc65e79df5feeaa78;Bathycoccus	97.917	336	7	0	1	336	1	336	3.67e-167	582
M02215:3:000000000-B9JT7:1:1113:13867:58151:N:0:1;size=2;	a64ab751b69ad1c2dc45814951dd0b3fce5c88aa;Micromonas	100.000	313	0	0	1	313	1	313	4.75e-166	579
M02215:3:000000000-B9JT7:1:1113:14652:127141:N:0:1;size=2;	e7dda44f6c9b87fb1e724d2b2f3efc3a5ecfe3c9;Balanus	100.000	313	0	0	1	313	1	313	4.71e-166	579
M02215:3:000000000-B9JT7:1:1113:15064:250491:N:0:1;size=2;	d0ba7f801cf305d1b6c4f0d5f4534e83dbe783b4;Achlya	100.000	313	0	0	1	313	1	313	4.71e-166	579
M02215:3:000000000-B9JT7:1:1113:24903:189571:N:0:1;size=2;	d92752cfdd8fd1a32b49db69adb3e1e7a3b4e8cc;Cyclotella	99.361	313	2	0	1	313	1	313	1.03e-162	568
M02215:3:000000000-B9JT7:1:1113:6817:225821:N:0:1;size=2;	b5106ced9f40103b80cd9e6d82beee48bb5d2f39;Balanus	99.681	313	1	0	1	313	1	313	2.19e-164	573
M02215:3:000000000-B9JT7:1:1114:10406:61401:N:0:1;size=2;	d92752cfdd8fd1a32b49db69adb3e1e7a3b4e8cc;Cyclotella	99.681	313	1	0	1	313	1	313	2.14e-164	573
M02215:3:000000000-B9JT7:1:1114:17407:121311:N:0:1;size=2;	a64ab751b69ad1c2dc45814951dd0b3fce5c88aa;Micromonas	100.000	313	0	0	1	313	1	313	4.75e-166	579
M02215:3:000000000-B9JT7:1:1114:27884:173371:N:0:1;size=2;	c851d42c5e77ef1a59f9911bb23495b0130eb031;Balanus	100.000	313	0	0	1	313	1	313	4.62e-166	579
M02215:3:000000000-B9JT7:1:1114:7092:105021:N:0:1;size=2;	a64ab751b69ad1c2dc45814951dd0b3fce5c88aa;Micromonas	100.000	313	0	0	1	313	1	313	4.75e-166	579
M02215:3:000000000-B9JT7:1:1114:9047:137711:N:0:1;size=2;	6cd3dae6bcd1b228c39c696b5ee2005399f5d1a9;Paranemertes	100.000	313	0	0	1	313	1	313	4.75e-166	579
M02215:3:000000000-B9JT7:1:2101:21501:48671:N:0:1;size=2;	882bcbeccf43f6ad24cd4dddc65e79df5feeaa78;Bathycoccus	99.107	336	3	0	1	336	1	336	7.84e-174	604
M02215:3:000000000-B9JT7:1:2101:4940:132741:N:0:1;size=2;	882bcbeccf43f6ad24cd4dddc65e79df5feeaa78;Bathycoccus	99.398	332	1	1	1	332	1	331	1.01e-172	601
M02215:3:000000000-B9JT7:1:2102:15990:229201:N:0:1;size=2;	6cd3dae6bcd1b228c39c696b5ee2005399f5d1a9;Paranemertes	100.000	313	0	0	1	313	1	313	4.75e-166	579
M02215:3:000000000-B9JT7:1:2102:17965:49491:N:0:1;size=2;	b5106ced9f40103b80cd9e6d82beee48bb5d2f39;Balanus	100.000	313	0	0	1	313	1	313	4.75e-166	579
M02215:3:000000000-B9JT7:1:2102:19329:88161:N:0:1;size=2;	a64ab751b69ad1c2dc45814951dd0b3fce5c88aa;Micromonas	100.000	313	0	0	1	313	1	313	4.75e-166	579
M02215:3:000000000-B9JT7:1:2102:24737:200761:N:0:1;size=2;	b5106ced9f40103b80cd9e6d82beee48bb5d2f39;Balanus	100.000	313	0	0	1	313	1	313	4.62e-166	579
M02215:3:000000000-B9JT7:1:2102:26329:207541:N:0:1;size=2;	a64ab751b69ad1c2dc45814951dd0b3fce5c88aa;Micromonas	100.000	313	0	0	1	313	1	313	4.75e-166	579
M02215:3:000000000-B9JT7:1:2102:3542:216471:N:0:1;size=2;	d92752cfdd8fd1a32b49db69adb3e1e7a3b4e8cc;Cyclotella	99.681	313	1	0	1	313	1	313	2.21e-164	573
M02215:3:000000000-B9JT7:1:2103:4870:162361:N:0:1;size=2;	b5106ced9f40103b80cd9e6d82beee48bb5d2f39;Balanus	100.000	313	0	0	1	313	1	313	4.62e-166	579
M02215:3:000000000-B9JT7:1:2104:6537:135571:N:0:1;size=2;	882bcbeccf43f6ad24cd4dddc65e79df5feeaa78;Bathycoccus	99.394	330	2	0	1	330	1	330	3.45e-172	599
M02215:3:000000000-B9JT7:1:2106:16286:66301:N:0:1;size=2;	c851d42c5e77ef1a59f9911bb23495b0130eb031;Balanus	100.000	313	0	0	1	313	1	313	4.75e-166	579
M02215:3:000000000-B9JT7:1:2106:7078:60441:N:0:1;size=2;	d92752cfdd8fd1a32b49db69adb3e1e7a3b4e8cc;Cyclotella	99.681	313	1	0	1	313	1	313	2.21e-164	573
M02215:3:000000000-B9JT7:1:2107:20333:94551:N:0:1;size=2;	c851d42c5e77ef1a59f9911bb23495b0130eb031;Balanus	100.000	313	0	0	1	313	1	313	4.75e-166	579
M02215:3:000000000-B9JT7:1:2108:12147:200871:N:0:1;size=2;	d92752cfdd8fd1a32b49db69adb3e1e7a3b4e8cc;Cyclotella	99.681	313	1	0	1	313	1	313	2.03e-164	573
M02215:3:000000000-B9JT7:1:2109:16053:139601:N:0:1;size=2;	c851d42c5e77ef1a59f9911bb23495b0130eb031;Balanus	100.000	313	0	0	1	313	1	313	4.75e-166	579
M02215:3:000000000-B9JT7:1:2109:16139:116201:N:0:1;size=2;	e7dda44f6c9b87fb1e724d2b2f3efc3a5ecfe3c9;Balanus	100.000	313	0	0	1	313	1	313	4.75e-166	579
M02215:3:000000000-B9JT7:1:2109:16668:202711:N:0:1;size=2;	882bcbeccf43f6ad24cd4dddc65e79df5feeaa78;Bathycoccus	98.788	330	4	0	1	330	1	330	7.63e-169	588
M02215:3:000000000-B9JT7:1:2110:28463:203441:N:0:1;size=2;	a64ab751b69ad1c2dc45814951dd0b3fce5c88aa;Micromonas	100.000	313	0	0	1	313	1	313	4.75e-166	579
M02215:3:000000000-B9JT7:1:2111:17248:197921:N:0:1;size=2;	e7dda44f6c9b87fb1e724d2b2f3efc3a5ecfe3c9;Balanus	100.000	313	0	0	1	313	1	313	4.75e-166	579
