M02215:3:000000000-B9JT7:1:1101:18144:88441:N:0:1;size=468;	882bcbeccf43f6ad24cd4dddc65e79df5feeaa78;Bathycoccus	99.091	330	3	0	1	330	1	330	1.68e-170	593
M02215:3:000000000-B9JT7:1:1101:20024:92071:N:0:1;size=63;	882bcbeccf43f6ad24cd4dddc65e79df5feeaa78;Bathycoccus	98.512	336	5	0	1	336	1	336	1.68e-170	593
M02215:3:000000000-B9JT7:1:1101:18612:204451:N:0:1;size=7396;	882bcbeccf43f6ad24cd4dddc65e79df5feeaa78;Bathycoccus	99.091	330	3	0	1	330	1	330	1.70e-170	593
M02215:3:000000000-B9JT7:1:1101:4509:86031:N:0:1;size=63;	882bcbeccf43f6ad24cd4dddc65e79df5feeaa78;Bathycoccus	98.512	336	5	0	1	336	1	336	1.70e-170	593
M02215:3:000000000-B9JT7:1:1101:9374:111121:N:0:1;size=313;	b1a34b52e9dbe50cc0e7728a1c7595dcf1351f25;Littorina	100.000	313	0	0	1	313	1	313	4.71e-166	579
M02215:3:000000000-B9JT7:1:1102:19398:56971:N:0:1;size=4797;	b1a34b52e9dbe50cc0e7728a1c7595dcf1351f25;Littorina	100.000	313	0	0	1	313	1	313	4.75e-166	579
M02215:3:000000000-B9JT7:1:1102:4247:211991:N:0:1;size=73;	b1a34b52e9dbe50cc0e7728a1c7595dcf1351f25;Littorina	100.000	313	0	0	1	313	1	313	4.71e-166	579
M02215:3:000000000-B9JT7:1:1106:12768:75611:N:0:1;size=21;	b1a34b52e9dbe50cc0e7728a1c7595dcf1351f25;Littorina	100.000	313	0	0	1	313	1	313	4.75e-166	579
M02215:3:000000000-B9JT7:1:1101:16228:125961:N:0:1;size=19;	b1a34b52e9dbe50cc0e7728a1c7595dcf1351f25;Littorina	100.000	313	0	0	1	313	1	313	4.71e-166	579
M02215:3:000000000-B9JT7:1:1102:16770:139891:N:0:1;size=196;	a64ab751b69ad1c2dc45814951dd0b3fce5c88aa;Micromonas	100.000	313	0	0	1	313	1	313	4.71e-166	579
M02215:3:000000000-B9JT7:1:1105:16469:115341:N:0:1;size=2555;	a64ab751b69ad1c2dc45814951dd0b3fce5c88aa;Micromonas	100.000	313	0	0	1	313	1	313	4.75e-166	579
M02215:3:000000000-B9JT7:1:1101:14481:147181:N:0:1;size=52;	a64ab751b69ad1c2dc45814951dd0b3fce5c88aa;Micromonas	100.000	313	0	0	1	313	1	313	4.75e-166	579
M02215:3:000000000-B9JT7:1:1101:5949:199141:N:0:1;size=119;	882bcbeccf43f6ad24cd4dddc65e79df5feeaa78;Bathycoccus	100.000	315	0	0	1	315	1	315	3.43e-167	582
M02215:3:000000000-B9JT7:1:1101:19312:109041:N:0:1;size=27;	a64ab751b69ad1c2dc45814951dd0b3fce5c88aa;Micromonas	100.000	313	0	0	1	313	1	313	4.75e-166	579
M02215:3:000000000-B9JT7:1:1101:11737:28671:N:0:1;size=566;	74bd536a982117e99a75e40240e0e3b1b1f81a5c;Triparma	100.000	313	0	0	1	313	1	313	4.75e-166	579
M02215:3:000000000-B9JT7:1:1102:9820:58571:N:0:1;size=14;	882bcbeccf43f6ad24cd4dddc65e79df5feeaa78;Bathycoccus	99.107	336	3	0	1	336	1	336	7.84e-174	604
M02215:3:000000000-B9JT7:1:1101:21465:43041:N:0:1;size=36;	b1a34b52e9dbe50cc0e7728a1c7595dcf1351f25;Littorina	100.000	313	0	0	1	313	1	313	4.75e-166	579
M02215:3:000000000-B9JT7:1:1102:22365:201191:N:0:1;size=122;	d92752cfdd8fd1a32b49db69adb3e1e7a3b4e8cc;Cyclotella	99.681	313	1	0	1	313	1	313	2.19e-164	573
M02215:3:000000000-B9JT7:1:1102:7634:89601:N:0:1;size=13;	b1a34b52e9dbe50cc0e7728a1c7595dcf1351f25;Littorina	100.000	313	0	0	1	313	1	313	4.75e-166	579
M02215:3:000000000-B9JT7:1:1103:27893:98501:N:0:1;size=39;	b1a34b52e9dbe50cc0e7728a1c7595dcf1351f25;Littorina	100.000	313	0	0	1	313	1	313	4.43e-166	579
M02215:3:000000000-B9JT7:1:1101:12249:21541:N:0:1;size=1155;	d92752cfdd8fd1a32b49db69adb3e1e7a3b4e8cc;Cyclotella	99.681	313	1	0	1	313	1	313	2.21e-164	573
M02215:3:000000000-B9JT7:1:1101:20543:146641:N:0:1;size=15;	b1a34b52e9dbe50cc0e7728a1c7595dcf1351f25;Littorina	100.000	313	0	0	1	313	1	313	4.75e-166	579
M02215:3:000000000-B9JT7:1:1101:21185:266631:N:0:1;size=12;	882bcbeccf43f6ad24cd4dddc65e79df5feeaa78;Bathycoccus	98.512	336	5	0	1	336	1	336	1.70e-170	593
M02215:3:000000000-B9JT7:1:1101:23073:123261:N:0:1;size=21;	a64ab751b69ad1c2dc45814951dd0b3fce5c88aa;Micromonas	100.000	313	0	0	1	313	1	313	4.75e-166	579
M02215:3:000000000-B9JT7:1:1102:11450:201501:N:0:1;size=12;	a64ab751b69ad1c2dc45814951dd0b3fce5c88aa;Micromonas	100.000	313	0	0	1	313	1	313	4.75e-166	579
M02215:3:000000000-B9JT7:1:1103:20707:255981:N:0:1;size=12;	882bcbeccf43f6ad24cd4dddc65e79df5feeaa78;Bathycoccus	98.795	332	3	1	1	332	1	331	2.20e-169	590
M02215:3:000000000-B9JT7:1:1104:11462:170121:N:0:1;size=12;	b1a34b52e9dbe50cc0e7728a1c7595dcf1351f25;Littorina	100.000	313	0	0	1	313	1	313	4.75e-166	579
M02215:3:000000000-B9JT7:1:1101:17376:30561:N:0:1;size=22;	a64ab751b69ad1c2dc45814951dd0b3fce5c88aa;Micromonas	100.000	313	0	0	1	313	1	313	4.75e-166	579
M02215:3:000000000-B9JT7:1:1103:7363:88171:N:0:1;size=17;	a64ab751b69ad1c2dc45814951dd0b3fce5c88aa;Micromonas	100.000	313	0	0	1	313	1	313	4.75e-166	579
M02215:3:000000000-B9JT7:1:1104:6007:164261:N:0:1;size=11;	a64ab751b69ad1c2dc45814951dd0b3fce5c88aa;Micromonas	100.000	313	0	0	1	313	1	313	4.75e-166	579
M02215:3:000000000-B9JT7:1:1101:18759:160841:N:0:1;size=28;	882bcbeccf43f6ad24cd4dddc65e79df5feeaa78;Bathycoccus	98.795	332	3	1	1	332	1	331	2.20e-169	590
M02215:3:000000000-B9JT7:1:1101:26618:207461:N:0:1;size=9;	a64ab751b69ad1c2dc45814951dd0b3fce5c88aa;Micromonas	100.000	313	0	0	1	313	1	313	4.75e-166	579
M02215:3:000000000-B9JT7:1:1102:16292:243721:N:0:1;size=26;	b1a34b52e9dbe50cc0e7728a1c7595dcf1351f25;Littorina	100.000	313	0	0	1	313	1	313	4.75e-166	579
M02215:3:000000000-B9JT7:1:1102:5533:147441:N:0:1;size=9;	b1a34b52e9dbe50cc0e7728a1c7595dcf1351f25;Littorina	100.000	313	0	0	1	313	1	313	4.75e-166	579
M02215:3:000000000-B9JT7:1:1103:12002:167991:N:0:1;size=9;	882bcbeccf43f6ad24cd4dddc65e79df5feeaa78;Bathycoccus	99.394	330	2	0	1	330	1	330	3.65e-172	599
M02215:3:000000000-B9JT7:1:1108:4120:137791:N:0:1;size=9;	882bcbeccf43f6ad24cd4dddc65e79df5feeaa78;Bathycoccus	99.091	330	3	0	1	330	1	330	1.70e-170	593
M02215:3:000000000-B9JT7:1:1111:6534:82401:N:0:1;size=15;	b1a34b52e9dbe50cc0e7728a1c7595dcf1351f25;Littorina	100.000	313	0	0	1	313	1	313	4.75e-166	579
M02215:3:000000000-B9JT7:1:1101:16019:180101:N:0:1;size=8;	b1a34b52e9dbe50cc0e7728a1c7595dcf1351f25;Littorina	100.000	313	0	0	1	313	1	313	4.75e-166	579
M02215:3:000000000-B9JT7:1:1101:28814:158451:N:0:1;size=8;	b1a34b52e9dbe50cc0e7728a1c7595dcf1351f25;Littorina	100.000	313	0	0	1	313	1	313	4.75e-166	579
M02215:3:000000000-B9JT7:1:1101:9432:46271:N:0:1;size=8;	b1a34b52e9dbe50cc0e7728a1c7595dcf1351f25;Littorina	100.000	313	0	0	1	313	1	313	4.75e-166	579
M02215:3:000000000-B9JT7:1:1102:26126:92051:N:0:1;size=8;	a64ab751b69ad1c2dc45814951dd0b3fce5c88aa;Micromonas	100.000	313	0	0	1	313	1	313	4.75e-166	579
M02215:3:000000000-B9JT7:1:1103:12434:54561:N:0:1;size=8;	b1a34b52e9dbe50cc0e7728a1c7595dcf1351f25;Littorina	100.000	313	0	0	1	313	1	313	4.75e-166	579
M02215:3:000000000-B9JT7:1:1104:14142:69681:N:0:1;size=8;	a64ab751b69ad1c2dc45814951dd0b3fce5c88aa;Micromonas	100.000	313	0	0	1	313	1	313	4.75e-166	579
M02215:3:000000000-B9JT7:1:1105:17803:222851:N:0:1;size=8;	b1a34b52e9dbe50cc0e7728a1c7595dcf1351f25;Littorina	100.000	313	0	0	1	313	1	313	4.75e-166	579
M02215:3:000000000-B9JT7:1:1105:17807:65681:N:0:1;size=8;	a64ab751b69ad1c2dc45814951dd0b3fce5c88aa;Micromonas	100.000	313	0	0	1	313	1	313	4.75e-166	579
M02215:3:000000000-B9JT7:1:1106:17964:127831:N:0:1;size=8;	b1a34b52e9dbe50cc0e7728a1c7595dcf1351f25;Littorina	100.000	313	0	0	1	313	1	313	4.75e-166	579
M02215:3:000000000-B9JT7:1:1108:8126:134061:N:0:1;size=8;	a64ab751b69ad1c2dc45814951dd0b3fce5c88aa;Micromonas	100.000	313	0	0	1	313	1	313	4.75e-166	579
M02215:3:000000000-B9JT7:1:1110:11916:63641:N:0:1;size=8;	b1a34b52e9dbe50cc0e7728a1c7595dcf1351f25;Littorina	100.000	313	0	0	1	313	1	313	4.75e-166	579
M02215:3:000000000-B9JT7:1:1102:21769:153201:N:0:1;size=7;	d92752cfdd8fd1a32b49db69adb3e1e7a3b4e8cc;Cyclotella	99.681	313	1	0	1	313	1	313	2.21e-164	573
M02215:3:000000000-B9JT7:1:1103:19955:285011:N:0:1;size=7;	d92752cfdd8fd1a32b49db69adb3e1e7a3b4e8cc;Cyclotella	99.681	313	1	0	1	313	1	313	2.21e-164	573
M02215:3:000000000-B9JT7:1:1103:22232:196001:N:0:1;size=15;	882bcbeccf43f6ad24cd4dddc65e79df5feeaa78;Bathycoccus	98.810	336	4	0	1	336	1	336	3.55e-172	599
M02215:3:000000000-B9JT7:1:1104:10558:238031:N:0:1;size=7;	b1a34b52e9dbe50cc0e7728a1c7595dcf1351f25;Littorina	100.000	313	0	0	1	313	1	313	4.75e-166	579
M02215:3:000000000-B9JT7:1:1104:11411:181111:N:0:1;size=11;	b1a34b52e9dbe50cc0e7728a1c7595dcf1351f25;Littorina	100.000	313	0	0	1	313	1	313	4.75e-166	579
M02215:3:000000000-B9JT7:1:1104:22955:203481:N:0:1;size=16;	b1a34b52e9dbe50cc0e7728a1c7595dcf1351f25;Littorina	100.000	313	0	0	1	313	1	313	4.75e-166	579
M02215:3:000000000-B9JT7:1:1104:29221:169591:N:0:1;size=7;	a64ab751b69ad1c2dc45814951dd0b3fce5c88aa;Micromonas	100.000	313	0	0	1	313	1	313	4.75e-166	579
M02215:3:000000000-B9JT7:1:1104:3381:151241:N:0:1;size=11;	a64ab751b69ad1c2dc45814951dd0b3fce5c88aa;Micromonas	100.000	313	0	0	1	313	1	313	4.75e-166	579
M02215:3:000000000-B9JT7:1:1106:5466:154901:N:0:1;size=47;	74bd536a982117e99a75e40240e0e3b1b1f81a5c;Triparma	100.000	313	0	0	1	313	1	313	4.71e-166	579
M02215:3:000000000-B9JT7:1:1101:15560:192251:N:0:1;size=11;	882bcbeccf43f6ad24cd4dddc65e79df5feeaa78;Bathycoccus	99.392	329	2	0	1	329	1	329	1.24e-171	597
M02215:3:000000000-B9JT7:1:1101:16064:187731:N:0:1;size=6;	a64ab751b69ad1c2dc45814951dd0b3fce5c88aa;Micromonas	100.000	313	0	0	1	313	1	313	4.75e-166	579
M02215:3:000000000-B9JT7:1:1101:17296:112461:N:0:1;size=6;	882bcbeccf43f6ad24cd4dddc65e79df5feeaa78;Bathycoccus	98.214	336	6	0	1	336	1	336	7.90e-169	588
M02215:3:000000000-B9JT7:1:1101:22205:174421:N:0:1;size=6;	882bcbeccf43f6ad24cd4dddc65e79df5feeaa78;Bathycoccus	99.405	336	2	0	1	336	1	336	1.69e-175	610
M02215:3:000000000-B9JT7:1:1101:22890:95011:N:0:1;size=6;	d92752cfdd8fd1a32b49db69adb3e1e7a3b4e8cc;Cyclotella	99.681	313	1	0	1	313	1	313	2.21e-164	573
M02215:3:000000000-B9JT7:1:1101:25157:180171:N:0:1;size=35;	882bcbeccf43f6ad24cd4dddc65e79df5feeaa78;Bathycoccus	98.512	336	5	0	1	336	1	336	1.67e-170	593
M02215:3:000000000-B9JT7:1:1101:9331:263351:N:0:1;size=8;	882bcbeccf43f6ad24cd4dddc65e79df5feeaa78;Bathycoccus	99.697	330	1	0	1	330	1	330	7.84e-174	604
M02215:3:000000000-B9JT7:1:1102:24622:60211:N:0:1;size=10;	b1a34b52e9dbe50cc0e7728a1c7595dcf1351f25;Littorina	100.000	313	0	0	1	313	1	313	4.75e-166	579
M02215:3:000000000-B9JT7:1:1103:18479:93781:N:0:1;size=6;	a64ab751b69ad1c2dc45814951dd0b3fce5c88aa;Micromonas	100.000	313	0	0	1	313	1	313	4.75e-166	579
M02215:3:000000000-B9JT7:1:1103:19141:103921:N:0:1;size=14;	d92752cfdd8fd1a32b49db69adb3e1e7a3b4e8cc;Cyclotella	99.681	313	1	0	1	313	1	313	2.21e-164	573
M02215:3:000000000-B9JT7:1:1105:13527:93241:N:0:1;size=6;	882bcbeccf43f6ad24cd4dddc65e79df5feeaa78;Bathycoccus	99.394	330	2	0	1	330	1	330	3.65e-172	599
M02215:3:000000000-B9JT7:1:1105:24285:213431:N:0:1;size=12;	74bd536a982117e99a75e40240e0e3b1b1f81a5c;Triparma	100.000	313	0	0	1	313	1	313	4.75e-166	579
M02215:3:000000000-B9JT7:1:1106:10386:83221:N:0:1;size=6;	882bcbeccf43f6ad24cd4dddc65e79df5feeaa78;Bathycoccus	99.096	332	2	1	1	332	1	331	4.72e-171	595
M02215:3:000000000-B9JT7:1:1106:24534:238541:N:0:1;size=94;	b14e192ef4db4138ef5da5fa073aee9196146841;Capitellidae	100.000	313	0	0	1	313	1	313	4.75e-166	579
M02215:3:000000000-B9JT7:1:1109:22434:58241:N:0:1;size=6;	d92752cfdd8fd1a32b49db69adb3e1e7a3b4e8cc;Cyclotella	99.681	313	1	0	1	313	1	313	2.21e-164	573
M02215:3:000000000-B9JT7:1:1114:5965:244981:N:0:1;size=6;	74bd536a982117e99a75e40240e0e3b1b1f81a5c;Triparma	100.000	313	0	0	1	313	1	313	4.75e-166	579
M02215:3:000000000-B9JT7:1:2101:8068:52581:N:0:1;size=18;	74bd536a982117e99a75e40240e0e3b1b1f81a5c;Triparma	100.000	313	0	0	1	313	1	313	4.75e-166	579
M02215:3:000000000-B9JT7:1:1101:12486:63741:N:0:1;size=8;	d92752cfdd8fd1a32b49db69adb3e1e7a3b4e8cc;Cyclotella	99.681	313	1	0	1	313	1	313	2.21e-164	573
M02215:3:000000000-B9JT7:1:1101:14119:286641:N:0:1;size=8;	74bd536a982117e99a75e40240e0e3b1b1f81a5c;Triparma	100.000	313	0	0	1	313	1	313	4.75e-166	579
M02215:3:000000000-B9JT7:1:1101:14277:151781:N:0:1;size=5;	a64ab751b69ad1c2dc45814951dd0b3fce5c88aa;Micromonas	100.000	313	0	0	1	313	1	313	4.75e-166	579
M02215:3:000000000-B9JT7:1:1101:15312:137991:N:0:1;size=14;	882bcbeccf43f6ad24cd4dddc65e79df5feeaa78;Bathycoccus	99.107	336	3	0	1	336	1	336	7.58e-174	604
M02215:3:000000000-B9JT7:1:1101:17459:196771:N:0:1;size=9;	74bd536a982117e99a75e40240e0e3b1b1f81a5c;Triparma	100.000	313	0	0	1	313	1	313	4.75e-166	579
M02215:3:000000000-B9JT7:1:1101:19971:136621:N:0:1;size=5;	b1a34b52e9dbe50cc0e7728a1c7595dcf1351f25;Littorina	100.000	313	0	0	1	313	1	313	4.75e-166	579
M02215:3:000000000-B9JT7:1:1101:20877:81741:N:0:1;size=18;	d92752cfdd8fd1a32b49db69adb3e1e7a3b4e8cc;Cyclotella	99.681	313	1	0	1	313	1	313	2.21e-164	573
M02215:3:000000000-B9JT7:1:1101:21246:143901:N:0:1;size=5;	74bd536a982117e99a75e40240e0e3b1b1f81a5c;Triparma	100.000	313	0	0	1	313	1	313	4.75e-166	579
M02215:3:000000000-B9JT7:1:1101:22812:68151:N:0:1;size=8;	d92752cfdd8fd1a32b49db69adb3e1e7a3b4e8cc;Cyclotella	99.681	313	1	0	1	313	1	313	2.19e-164	573
M02215:3:000000000-B9JT7:1:1101:22875:175041:N:0:1;size=14;	b1a34b52e9dbe50cc0e7728a1c7595dcf1351f25;Littorina	100.000	313	0	0	1	313	1	313	4.56e-166	579
M02215:3:000000000-B9JT7:1:1102:13986:264671:N:0:1;size=5;	a64ab751b69ad1c2dc45814951dd0b3fce5c88aa;Micromonas	100.000	313	0	0	1	313	1	313	4.75e-166	579
M02215:3:000000000-B9JT7:1:1102:20252:218121:N:0:1;size=5;	d92752cfdd8fd1a32b49db69adb3e1e7a3b4e8cc;Cyclotella	99.681	313	1	0	1	313	1	313	2.21e-164	573
M02215:3:000000000-B9JT7:1:1102:20717:101001:N:0:1;size=22;	882bcbeccf43f6ad24cd4dddc65e79df5feeaa78;Bathycoccus	98.788	330	4	0	1	330	1	330	7.58e-169	588
M02215:3:000000000-B9JT7:1:1102:22656:183781:N:0:1;size=5;	a64ab751b69ad1c2dc45814951dd0b3fce5c88aa;Micromonas	100.000	313	0	0	1	313	1	313	4.75e-166	579
M02215:3:000000000-B9JT7:1:1102:22993:131461:N:0:1;size=11;	d92752cfdd8fd1a32b49db69adb3e1e7a3b4e8cc;Cyclotella	99.681	313	1	0	1	313	1	313	2.21e-164	573
M02215:3:000000000-B9JT7:1:1103:20470:80901:N:0:1;size=5;	b1a34b52e9dbe50cc0e7728a1c7595dcf1351f25;Littorina	100.000	313	0	0	1	313	1	313	4.75e-166	579
M02215:3:000000000-B9JT7:1:1103:22213:131851:N:0:1;size=42;	12b98cb34776b20c1af3092b34deaa79d36c190a;Maculaura	99.684	316	1	0	1	316	1	316	4.80e-166	579
M02215:3:000000000-B9JT7:1:1103:8692:58401:N:0:1;size=5;	74bd536a982117e99a75e40240e0e3b1b1f81a5c;Triparma	100.000	313	0	0	1	313	1	313	4.75e-166	579
M02215:3:000000000-B9JT7:1:1104:19114:82461:N:0:1;size=12;	74bd536a982117e99a75e40240e0e3b1b1f81a5c;Triparma	100.000	313	0	0	1	313	1	313	4.71e-166	579
M02215:3:000000000-B9JT7:1:1105:22474:34991:N:0:1;size=36;	e02f30938c4249055fbb9bb66e41202a1e18fce8;Capitellidae	100.000	312	0	0	1	312	1	312	1.69e-165	577
M02215:3:000000000-B9JT7:1:1105:6485:244211:N:0:1;size=5;	a64ab751b69ad1c2dc45814951dd0b3fce5c88aa;Micromonas	100.000	313	0	0	1	313	1	313	4.75e-166	579
M02215:3:000000000-B9JT7:1:1108:11974:67441:N:0:1;size=5;	74bd536a982117e99a75e40240e0e3b1b1f81a5c;Triparma	100.000	313	0	0	1	313	1	313	4.75e-166	579
M02215:3:000000000-B9JT7:1:1108:18134:252271:N:0:1;size=10;	74bd536a982117e99a75e40240e0e3b1b1f81a5c;Triparma	100.000	313	0	0	1	313	1	313	4.75e-166	579
M02215:3:000000000-B9JT7:1:1109:2704:164991:N:0:1;size=20;	b1a34b52e9dbe50cc0e7728a1c7595dcf1351f25;Littorina	100.000	313	0	0	1	313	1	313	4.67e-166	579
M02215:3:000000000-B9JT7:1:1109:9536:265101:N:0:1;size=7;	a64ab751b69ad1c2dc45814951dd0b3fce5c88aa;Micromonas	100.000	313	0	0	1	313	1	313	4.75e-166	579
M02215:3:000000000-B9JT7:1:1111:6994:213761:N:0:1;size=13;	d92752cfdd8fd1a32b49db69adb3e1e7a3b4e8cc;Cyclotella	99.681	313	1	0	1	313	1	313	2.21e-164	573
M02215:3:000000000-B9JT7:1:1113:25769:132151:N:0:1;size=5;	74bd536a982117e99a75e40240e0e3b1b1f81a5c;Triparma	100.000	313	0	0	1	313	1	313	4.75e-166	579
M02215:3:000000000-B9JT7:1:2102:10020:139661:N:0:1;size=5;	a64ab751b69ad1c2dc45814951dd0b3fce5c88aa;Micromonas	100.000	313	0	0	1	313	1	313	4.75e-166	579
M02215:3:000000000-B9JT7:1:1101:16108:82101:N:0:1;size=4;	b14e192ef4db4138ef5da5fa073aee9196146841;Capitellidae	100.000	313	0	0	1	313	1	313	4.75e-166	579
M02215:3:000000000-B9JT7:1:1101:16467:133161:N:0:1;size=7;	74bd536a982117e99a75e40240e0e3b1b1f81a5c;Triparma	100.000	313	0	0	1	313	1	313	4.75e-166	579
M02215:3:000000000-B9JT7:1:1101:18689:223771:N:0:1;size=7;	b1a34b52e9dbe50cc0e7728a1c7595dcf1351f25;Littorina	100.000	313	0	0	1	313	1	313	4.75e-166	579
M02215:3:000000000-B9JT7:1:1101:24290:126701:N:0:1;size=4;	a64ab751b69ad1c2dc45814951dd0b3fce5c88aa;Micromonas	100.000	313	0	0	1	313	1	313	4.75e-166	579
M02215:3:000000000-B9JT7:1:1101:2713:170191:N:0:1;size=10;	882bcbeccf43f6ad24cd4dddc65e79df5feeaa78;Bathycoccus	98.512	336	5	0	1	336	1	336	1.64e-170	593
M02215:3:000000000-B9JT7:1:1101:3524:172531:N:0:1;size=7;	74bd536a982117e99a75e40240e0e3b1b1f81a5c;Triparma	100.000	313	0	0	1	313	1	313	4.75e-166	579
M02215:3:000000000-B9JT7:1:1102:21109:230501:N:0:1;size=4;	74bd536a982117e99a75e40240e0e3b1b1f81a5c;Triparma	100.000	313	0	0	1	313	1	313	4.75e-166	579
M02215:3:000000000-B9JT7:1:1102:23387:246491:N:0:1;size=12;	b1a34b52e9dbe50cc0e7728a1c7595dcf1351f25;Littorina	100.000	313	0	0	1	313	1	313	4.62e-166	579
M02215:3:000000000-B9JT7:1:1102:25646:132151:N:0:1;size=7;	74bd536a982117e99a75e40240e0e3b1b1f81a5c;Triparma	100.000	313	0	0	1	313	1	313	4.75e-166	579
M02215:3:000000000-B9JT7:1:1102:3743:176461:N:0:1;size=4;	74bd536a982117e99a75e40240e0e3b1b1f81a5c;Triparma	100.000	313	0	0	1	313	1	313	4.75e-166	579
M02215:3:000000000-B9JT7:1:1103:18051:174561:N:0:1;size=14;	b1a34b52e9dbe50cc0e7728a1c7595dcf1351f25;Littorina	100.000	313	0	0	1	313	1	313	4.59e-166	579
M02215:3:000000000-B9JT7:1:1103:20724:274661:N:0:1;size=7;	74bd536a982117e99a75e40240e0e3b1b1f81a5c;Triparma	100.000	313	0	0	1	313	1	313	4.75e-166	579
M02215:3:000000000-B9JT7:1:1103:27938:92541:N:0:1;size=4;	882bcbeccf43f6ad24cd4dddc65e79df5feeaa78;Bathycoccus	98.512	336	5	0	1	336	1	336	1.70e-170	593
M02215:3:000000000-B9JT7:1:1103:5908:164201:N:0:1;size=4;	d92752cfdd8fd1a32b49db69adb3e1e7a3b4e8cc;Cyclotella	99.361	313	2	0	1	313	1	313	1.03e-162	568
M02215:3:000000000-B9JT7:1:1103:8806:87671:N:0:1;size=4;	882bcbeccf43f6ad24cd4dddc65e79df5feeaa78;Bathycoccus	98.795	332	3	1	1	332	1	331	2.20e-169	590
M02215:3:000000000-B9JT7:1:1104:15768:223491:N:0:1;size=8;	d92752cfdd8fd1a32b49db69adb3e1e7a3b4e8cc;Cyclotella	99.681	313	1	0	1	313	1	313	2.21e-164	573
M02215:3:000000000-B9JT7:1:1104:22686:65271:N:0:1;size=6;	e02f30938c4249055fbb9bb66e41202a1e18fce8;Capitellidae	100.000	312	0	0	1	312	1	312	1.70e-165	577
M02215:3:000000000-B9JT7:1:1104:22898:141301:N:0:1;size=4;	d92752cfdd8fd1a32b49db69adb3e1e7a3b4e8cc;Cyclotella	99.681	313	1	0	1	313	1	313	2.21e-164	573
M02215:3:000000000-B9JT7:1:1104:24185:168711:N:0:1;size=8;	d92752cfdd8fd1a32b49db69adb3e1e7a3b4e8cc;Cyclotella	99.681	313	1	0	1	313	1	313	2.21e-164	573
M02215:3:000000000-B9JT7:1:1104:8027:52191:N:0:1;size=6;	a64ab751b69ad1c2dc45814951dd0b3fce5c88aa;Micromonas	100.000	313	0	0	1	313	1	313	4.75e-166	579
M02215:3:000000000-B9JT7:1:1104:9542:177821:N:0:1;size=4;	d92752cfdd8fd1a32b49db69adb3e1e7a3b4e8cc;Cyclotella	99.681	313	1	0	1	313	1	313	2.21e-164	573
M02215:3:000000000-B9JT7:1:1105:12791:46491:N:0:1;size=9;	d92752cfdd8fd1a32b49db69adb3e1e7a3b4e8cc;Cyclotella	99.681	313	1	0	1	313	1	313	2.21e-164	573
M02215:3:000000000-B9JT7:1:1105:14762:236351:N:0:1;size=4;	e02f30938c4249055fbb9bb66e41202a1e18fce8;Capitellidae	100.000	312	0	0	1	312	1	312	1.70e-165	577
M02215:3:000000000-B9JT7:1:1106:17856:230101:N:0:1;size=9;	882bcbeccf43f6ad24cd4dddc65e79df5feeaa78;Bathycoccus	100.000	316	0	0	1	316	1	316	9.22e-168	584
M02215:3:000000000-B9JT7:1:1106:28559:167711:N:0:1;size=4;	74bd536a982117e99a75e40240e0e3b1b1f81a5c;Triparma	100.000	313	0	0	1	313	1	313	4.75e-166	579
M02215:3:000000000-B9JT7:1:1107:11753:21081:N:0:1;size=4;	b1a34b52e9dbe50cc0e7728a1c7595dcf1351f25;Littorina	100.000	313	0	0	1	313	1	313	4.67e-166	579
M02215:3:000000000-B9JT7:1:1107:3675:149691:N:0:1;size=21;	74bd536a982117e99a75e40240e0e3b1b1f81a5c;Triparma	100.000	313	0	0	1	313	1	313	4.75e-166	579
M02215:3:000000000-B9JT7:1:1107:3783:144861:N:0:1;size=4;	b1a34b52e9dbe50cc0e7728a1c7595dcf1351f25;Littorina	100.000	313	0	0	1	313	1	313	4.75e-166	579
M02215:3:000000000-B9JT7:1:1108:14200:211521:N:0:1;size=6;	12b98cb34776b20c1af3092b34deaa79d36c190a;Maculaura	99.684	316	1	0	1	316	1	316	4.80e-166	579
M02215:3:000000000-B9JT7:1:1108:17558:190141:N:0:1;size=4;	74bd536a982117e99a75e40240e0e3b1b1f81a5c;Triparma	100.000	313	0	0	1	313	1	313	4.75e-166	579
M02215:3:000000000-B9JT7:1:1110:11354:58411:N:0:1;size=4;	b1a34b52e9dbe50cc0e7728a1c7595dcf1351f25;Littorina	100.000	313	0	0	1	313	1	313	4.75e-166	579
M02215:3:000000000-B9JT7:1:1110:13673:95251:N:0:1;size=4;	d92752cfdd8fd1a32b49db69adb3e1e7a3b4e8cc;Cyclotella	99.681	313	1	0	1	313	1	313	2.21e-164	573
M02215:3:000000000-B9JT7:1:1110:14044:24411:N:0:1;size=13;	d92752cfdd8fd1a32b49db69adb3e1e7a3b4e8cc;Cyclotella	99.681	313	1	0	1	313	1	313	2.21e-164	573
M02215:3:000000000-B9JT7:1:1110:14592:185721:N:0:1;size=4;	d92752cfdd8fd1a32b49db69adb3e1e7a3b4e8cc;Cyclotella	99.681	313	1	0	1	313	1	313	2.21e-164	573
M02215:3:000000000-B9JT7:1:1111:6532:184941:N:0:1;size=4;	a64ab751b69ad1c2dc45814951dd0b3fce5c88aa;Micromonas	100.000	313	0	0	1	313	1	313	4.75e-166	579
M02215:3:000000000-B9JT7:1:1111:8389:215991:N:0:1;size=4;	d92752cfdd8fd1a32b49db69adb3e1e7a3b4e8cc;Cyclotella	99.361	313	2	0	1	313	1	313	1.03e-162	568
M02215:3:000000000-B9JT7:1:1111:9118:263151:N:0:1;size=7;	882bcbeccf43f6ad24cd4dddc65e79df5feeaa78;Bathycoccus	99.091	330	3	0	1	330	1	330	1.64e-170	593
M02215:3:000000000-B9JT7:1:1112:26910:81431:N:0:1;size=4;	d92752cfdd8fd1a32b49db69adb3e1e7a3b4e8cc;Cyclotella	99.681	313	1	0	1	313	1	313	2.21e-164	573
M02215:3:000000000-B9JT7:1:1112:4178:219251:N:0:1;size=4;	a64ab751b69ad1c2dc45814951dd0b3fce5c88aa;Micromonas	100.000	313	0	0	1	313	1	313	4.75e-166	579
M02215:3:000000000-B9JT7:1:1113:13486:288511:N:0:1;size=4;	a64ab751b69ad1c2dc45814951dd0b3fce5c88aa;Micromonas	100.000	313	0	0	1	313	1	313	4.75e-166	579
M02215:3:000000000-B9JT7:1:1114:7700:98521:N:0:1;size=20;	e02f30938c4249055fbb9bb66e41202a1e18fce8;Capitellidae	100.000	312	0	0	1	312	1	312	1.70e-165	577
M02215:3:000000000-B9JT7:1:2101:18971:233691:N:0:1;size=4;	74bd536a982117e99a75e40240e0e3b1b1f81a5c;Triparma	100.000	313	0	0	1	313	1	313	4.75e-166	579
M02215:3:000000000-B9JT7:1:2102:15970:246141:N:0:1;size=4;	b14e192ef4db4138ef5da5fa073aee9196146841;Capitellidae	100.000	313	0	0	1	313	1	313	4.75e-166	579
M02215:3:000000000-B9JT7:1:1101:10560:169121:N:0:1;size=7;	12b98cb34776b20c1af3092b34deaa79d36c190a;Maculaura	99.684	316	1	0	1	316	1	316	4.80e-166	579
M02215:3:000000000-B9JT7:1:1101:13715:161521:N:0:1;size=3;	74bd536a982117e99a75e40240e0e3b1b1f81a5c;Triparma	100.000	313	0	0	1	313	1	313	4.75e-166	579
M02215:3:000000000-B9JT7:1:1101:14786:76121:N:0:1;size=3;	74bd536a982117e99a75e40240e0e3b1b1f81a5c;Triparma	100.000	313	0	0	1	313	1	313	4.75e-166	579
M02215:3:000000000-B9JT7:1:1101:19462:80751:N:0:1;size=16;	882bcbeccf43f6ad24cd4dddc65e79df5feeaa78;Bathycoccus	99.091	330	3	0	1	330	1	330	1.61e-170	593
M02215:3:000000000-B9JT7:1:1101:20416:35241:N:0:1;size=3;	a68693b3043b9d50a8c7e70db541da55c9a7d24d;Pseudocalanus	99.361	313	2	0	1	313	1	313	1.03e-162	568
M02215:3:000000000-B9JT7:1:1101:20538:153071:N:0:1;size=3;	74bd536a982117e99a75e40240e0e3b1b1f81a5c;Triparma	100.000	313	0	0	1	313	1	313	4.45e-166	579
M02215:3:000000000-B9JT7:1:1101:2375:175561:N:0:1;size=7;	d92752cfdd8fd1a32b49db69adb3e1e7a3b4e8cc;Cyclotella	99.361	313	2	0	1	313	1	313	1.03e-162	568
M02215:3:000000000-B9JT7:1:1101:26981:207541:N:0:1;size=3;	a64ab751b69ad1c2dc45814951dd0b3fce5c88aa;Micromonas	100.000	313	0	0	1	313	1	313	4.75e-166	579
M02215:3:000000000-B9JT7:1:1101:5147:151201:N:0:1;size=3;	14e21ec9b37d5162dc34cd67d5d5b38e896ff4af;Bathycoccus	100.000	313	0	0	1	313	1	313	4.75e-166	579
M02215:3:000000000-B9JT7:1:1101:6262:80811:N:0:1;size=3;	d92752cfdd8fd1a32b49db69adb3e1e7a3b4e8cc;Cyclotella	99.361	313	2	0	1	313	1	313	1.03e-162	568
M02215:3:000000000-B9JT7:1:1101:8268:60611:N:0:1;size=3;	b14e192ef4db4138ef5da5fa073aee9196146841;Capitellidae	100.000	313	0	0	1	313	1	313	4.75e-166	579
M02215:3:000000000-B9JT7:1:1102:10553:254111:N:0:1;size=3;	e02f30938c4249055fbb9bb66e41202a1e18fce8;Capitellidae	100.000	312	0	0	1	312	1	312	1.70e-165	577
M02215:3:000000000-B9JT7:1:1102:12520:197161:N:0:1;size=3;	b14e192ef4db4138ef5da5fa073aee9196146841;Capitellidae	100.000	313	0	0	1	313	1	313	4.71e-166	579
M02215:3:000000000-B9JT7:1:1102:13644:132351:N:0:1;size=12;	b14e192ef4db4138ef5da5fa073aee9196146841;Capitellidae	100.000	313	0	0	1	313	1	313	4.75e-166	579
M02215:3:000000000-B9JT7:1:1102:14481:20441:N:0:1;size=3;	b1a34b52e9dbe50cc0e7728a1c7595dcf1351f25;Littorina	100.000	313	0	0	1	313	1	313	4.75e-166	579
M02215:3:000000000-B9JT7:1:1102:15949:170661:N:0:1;size=3;	12b98cb34776b20c1af3092b34deaa79d36c190a;Maculaura	99.684	316	1	0	1	316	1	316	4.80e-166	579
M02215:3:000000000-B9JT7:1:1102:19017:281171:N:0:1;size=6;	d92752cfdd8fd1a32b49db69adb3e1e7a3b4e8cc;Cyclotella	99.681	313	1	0	1	313	1	313	2.21e-164	573
M02215:3:000000000-B9JT7:1:1102:25104:238561:N:0:1;size=3;	74bd536a982117e99a75e40240e0e3b1b1f81a5c;Triparma	100.000	313	0	0	1	313	1	313	4.75e-166	579
M02215:3:000000000-B9JT7:1:1102:2904:186801:N:0:1;size=3;	a64ab751b69ad1c2dc45814951dd0b3fce5c88aa;Micromonas	100.000	313	0	0	1	313	1	313	4.75e-166	579
M02215:3:000000000-B9JT7:1:1103:11153:118631:N:0:1;size=5;	12b98cb34776b20c1af3092b34deaa79d36c190a;Maculaura	99.684	316	1	0	1	316	1	316	4.80e-166	579
M02215:3:000000000-B9JT7:1:1103:14926:242071:N:0:1;size=6;	74bd536a982117e99a75e40240e0e3b1b1f81a5c;Triparma	100.000	313	0	0	1	313	1	313	4.75e-166	579
M02215:3:000000000-B9JT7:1:1103:21451:219451:N:0:1;size=3;	882bcbeccf43f6ad24cd4dddc65e79df5feeaa78;Bathycoccus	99.091	330	3	0	1	330	1	330	1.65e-170	593
M02215:3:000000000-B9JT7:1:1103:21842:220131:N:0:1;size=3;	e02f30938c4249055fbb9bb66e41202a1e18fce8;Capitellidae	100.000	312	0	0	1	312	1	312	1.70e-165	577
M02215:3:000000000-B9JT7:1:1103:23360:50531:N:0:1;size=3;	882bcbeccf43f6ad24cd4dddc65e79df5feeaa78;Bathycoccus	99.107	336	3	0	1	336	1	336	7.84e-174	604
M02215:3:000000000-B9JT7:1:1103:2713:170091:N:0:1;size=3;	14e21ec9b37d5162dc34cd67d5d5b38e896ff4af;Bathycoccus	100.000	313	0	0	1	313	1	313	4.71e-166	579
M02215:3:000000000-B9JT7:1:1103:28217:167521:N:0:1;size=3;	882bcbeccf43f6ad24cd4dddc65e79df5feeaa78;Bathycoccus	98.529	340	5	0	1	340	1	340	1.01e-172	601
M02215:3:000000000-B9JT7:1:1103:5102:234901:N:0:1;size=3;	d92752cfdd8fd1a32b49db69adb3e1e7a3b4e8cc;Cyclotella	99.681	313	1	0	1	313	1	313	2.21e-164	573
M02215:3:000000000-B9JT7:1:1104:10378:111981:N:0:1;size=12;	e02f30938c4249055fbb9bb66e41202a1e18fce8;Capitellidae	100.000	312	0	0	1	312	1	312	1.70e-165	577
M02215:3:000000000-B9JT7:1:1104:15015:271931:N:0:1;size=3;	882bcbeccf43f6ad24cd4dddc65e79df5feeaa78;Bathycoccus	98.810	336	4	0	1	336	1	336	3.59e-172	599
M02215:3:000000000-B9JT7:1:1104:15558:156031:N:0:1;size=5;	74bd536a982117e99a75e40240e0e3b1b1f81a5c;Triparma	100.000	313	0	0	1	313	1	313	4.75e-166	579
M02215:3:000000000-B9JT7:1:1104:23341:121291:N:0:1;size=3;	b14e192ef4db4138ef5da5fa073aee9196146841;Capitellidae	100.000	313	0	0	1	313	1	313	4.75e-166	579
M02215:3:000000000-B9JT7:1:1104:24826:67751:N:0:1;size=3;	e02f30938c4249055fbb9bb66e41202a1e18fce8;Capitellidae	100.000	312	0	0	1	312	1	312	1.69e-165	577
M02215:3:000000000-B9JT7:1:1104:27552:131241:N:0:1;size=3;	74bd536a982117e99a75e40240e0e3b1b1f81a5c;Triparma	100.000	313	0	0	1	313	1	313	4.75e-166	579
M02215:3:000000000-B9JT7:1:1105:10023:158191:N:0:1;size=3;	74bd536a982117e99a75e40240e0e3b1b1f81a5c;Triparma	100.000	313	0	0	1	313	1	313	4.75e-166	579
M02215:3:000000000-B9JT7:1:1105:13463:102901:N:0:1;size=3;	bc7798d3a55901fe59d6bb982bb5e6ab5a08c019;Holometabola	100.000	313	0	0	1	313	1	313	4.75e-166	579
M02215:3:000000000-B9JT7:1:1105:21905:147991:N:0:1;size=12;	e02f30938c4249055fbb9bb66e41202a1e18fce8;Capitellidae	100.000	312	0	0	1	312	1	312	1.70e-165	577
M02215:3:000000000-B9JT7:1:1105:23653:54061:N:0:1;size=3;	74bd536a982117e99a75e40240e0e3b1b1f81a5c;Triparma	100.000	313	0	0	1	313	1	313	4.75e-166	579
M02215:3:000000000-B9JT7:1:1105:23820:257751:N:0:1;size=7;	e02f30938c4249055fbb9bb66e41202a1e18fce8;Capitellidae	100.000	312	0	0	1	312	1	312	1.70e-165	577
M02215:3:000000000-B9JT7:1:1105:5077:128281:N:0:1;size=6;	74bd536a982117e99a75e40240e0e3b1b1f81a5c;Triparma	100.000	313	0	0	1	313	1	313	4.75e-166	579
M02215:3:000000000-B9JT7:1:1106:12728:193771:N:0:1;size=3;	b14e192ef4db4138ef5da5fa073aee9196146841;Capitellidae	100.000	313	0	0	1	313	1	313	4.75e-166	579
M02215:3:000000000-B9JT7:1:1106:15490:104801:N:0:1;size=3;	b1a34b52e9dbe50cc0e7728a1c7595dcf1351f25;Littorina	100.000	313	0	0	1	313	1	313	4.75e-166	579
M02215:3:000000000-B9JT7:1:1106:21210:141121:N:0:1;size=3;	882bcbeccf43f6ad24cd4dddc65e79df5feeaa78;Bathycoccus	99.107	336	3	0	1	336	1	336	7.84e-174	604
M02215:3:000000000-B9JT7:1:1106:22310:89981:N:0:1;size=3;	74bd536a982117e99a75e40240e0e3b1b1f81a5c;Triparma	100.000	313	0	0	1	313	1	313	4.75e-166	579
M02215:3:000000000-B9JT7:1:1106:24980:220191:N:0:1;size=3;	12b98cb34776b20c1af3092b34deaa79d36c190a;Maculaura	99.684	316	1	0	1	316	1	316	4.80e-166	579
M02215:3:000000000-B9JT7:1:1106:25079:199971:N:0:1;size=3;	d92752cfdd8fd1a32b49db69adb3e1e7a3b4e8cc;Cyclotella	99.681	313	1	0	1	313	1	313	2.07e-164	573
M02215:3:000000000-B9JT7:1:1106:7853:51371:N:0:1;size=3;	e02f30938c4249055fbb9bb66e41202a1e18fce8;Capitellidae	100.000	312	0	0	1	312	1	312	1.70e-165	577
M02215:3:000000000-B9JT7:1:1106:8298:54721:N:0:1;size=5;	a64ab751b69ad1c2dc45814951dd0b3fce5c88aa;Micromonas	100.000	313	0	0	1	313	1	313	4.75e-166	579
M02215:3:000000000-B9JT7:1:1107:13412:184031:N:0:1;size=9;	d92752cfdd8fd1a32b49db69adb3e1e7a3b4e8cc;Cyclotella	99.681	313	1	0	1	313	1	313	2.07e-164	573
M02215:3:000000000-B9JT7:1:1107:15798:106591:N:0:1;size=3;	d92752cfdd8fd1a32b49db69adb3e1e7a3b4e8cc;Cyclotella	99.681	313	1	0	1	313	1	313	2.16e-164	573
M02215:3:000000000-B9JT7:1:1107:17553:140301:N:0:1;size=3;	a64ab751b69ad1c2dc45814951dd0b3fce5c88aa;Micromonas	100.000	313	0	0	1	313	1	313	4.67e-166	579
M02215:3:000000000-B9JT7:1:1107:19818:168121:N:0:1;size=3;	b14e192ef4db4138ef5da5fa073aee9196146841;Capitellidae	100.000	313	0	0	1	313	1	313	4.75e-166	579
M02215:3:000000000-B9JT7:1:1107:21519:62681:N:0:1;size=3;	d92752cfdd8fd1a32b49db69adb3e1e7a3b4e8cc;Cyclotella	99.681	313	1	0	1	313	1	313	2.21e-164	573
M02215:3:000000000-B9JT7:1:1107:22330:103391:N:0:1;size=3;	ecbcc3bd709776326a720729ad74c020c160aa3a;Chlorella	100.000	313	0	0	1	313	1	313	4.75e-166	579
M02215:3:000000000-B9JT7:1:1107:8906:50351:N:0:1;size=3;	a64ab751b69ad1c2dc45814951dd0b3fce5c88aa;Micromonas	100.000	313	0	0	1	313	1	313	4.75e-166	579
M02215:3:000000000-B9JT7:1:1108:13680:31261:N:0:1;size=13;	e02f30938c4249055fbb9bb66e41202a1e18fce8;Capitellidae	100.000	312	0	0	1	312	1	312	1.70e-165	577
M02215:3:000000000-B9JT7:1:1108:16475:243591:N:0:1;size=3;	a64ab751b69ad1c2dc45814951dd0b3fce5c88aa;Micromonas	100.000	313	0	0	1	313	1	313	4.75e-166	579
M02215:3:000000000-B9JT7:1:1108:5351:110901:N:0:1;size=3;	d92752cfdd8fd1a32b49db69adb3e1e7a3b4e8cc;Cyclotella	99.681	313	1	0	1	313	1	313	2.21e-164	573
M02215:3:000000000-B9JT7:1:1108:6581:108331:N:0:1;size=3;	d92752cfdd8fd1a32b49db69adb3e1e7a3b4e8cc;Cyclotella	99.681	313	1	0	1	313	1	313	2.21e-164	573
M02215:3:000000000-B9JT7:1:1108:7309:91131:N:0:1;size=3;	74bd536a982117e99a75e40240e0e3b1b1f81a5c;Triparma	100.000	313	0	0	1	313	1	313	4.75e-166	579
M02215:3:000000000-B9JT7:1:1109:10842:215241:N:0:1;size=3;	b1a34b52e9dbe50cc0e7728a1c7595dcf1351f25;Littorina	100.000	313	0	0	1	313	1	313	4.75e-166	579
M02215:3:000000000-B9JT7:1:1109:10842:56811:N:0:1;size=3;	12b98cb34776b20c1af3092b34deaa79d36c190a;Maculaura	99.684	316	1	0	1	316	1	316	4.75e-166	579
M02215:3:000000000-B9JT7:1:1109:13745:154011:N:0:1;size=3;	d92752cfdd8fd1a32b49db69adb3e1e7a3b4e8cc;Cyclotella	99.681	313	1	0	1	313	1	313	2.21e-164	573
M02215:3:000000000-B9JT7:1:1109:19064:97751:N:0:1;size=3;	b1a34b52e9dbe50cc0e7728a1c7595dcf1351f25;Littorina	100.000	313	0	0	1	313	1	313	4.75e-166	579
M02215:3:000000000-B9JT7:1:1109:24803:49071:N:0:1;size=3;	a64ab751b69ad1c2dc45814951dd0b3fce5c88aa;Micromonas	100.000	313	0	0	1	313	1	313	4.75e-166	579
M02215:3:000000000-B9JT7:1:1110:11689:52211:N:0:1;size=5;	b14e192ef4db4138ef5da5fa073aee9196146841;Capitellidae	100.000	313	0	0	1	313	1	313	4.75e-166	579
M02215:3:000000000-B9JT7:1:1110:20850:223441:N:0:1;size=7;	12b98cb34776b20c1af3092b34deaa79d36c190a;Maculaura	99.684	316	1	0	1	316	1	316	4.80e-166	579
M02215:3:000000000-B9JT7:1:1110:22788:263321:N:0:1;size=3;	a64ab751b69ad1c2dc45814951dd0b3fce5c88aa;Micromonas	100.000	313	0	0	1	313	1	313	4.75e-166	579
M02215:3:000000000-B9JT7:1:1110:9474:96151:N:0:1;size=3;	d92752cfdd8fd1a32b49db69adb3e1e7a3b4e8cc;Cyclotella	99.681	313	1	0	1	313	1	313	2.21e-164	573
M02215:3:000000000-B9JT7:1:1111:19215:93381:N:0:1;size=3;	74bd536a982117e99a75e40240e0e3b1b1f81a5c;Triparma	100.000	313	0	0	1	313	1	313	4.75e-166	579
M02215:3:000000000-B9JT7:1:1111:8345:46821:N:0:1;size=3;	74bd536a982117e99a75e40240e0e3b1b1f81a5c;Triparma	100.000	313	0	0	1	313	1	313	4.75e-166	579
M02215:3:000000000-B9JT7:1:1112:15369:195571:N:0:1;size=6;	d92752cfdd8fd1a32b49db69adb3e1e7a3b4e8cc;Cyclotella	99.361	313	2	0	1	313	1	313	1.03e-162	568
M02215:3:000000000-B9JT7:1:1112:22896:232381:N:0:1;size=3;	d92752cfdd8fd1a32b49db69adb3e1e7a3b4e8cc;Cyclotella	99.681	313	1	0	1	313	1	313	2.21e-164	573
M02215:3:000000000-B9JT7:1:1112:2301:132111:N:0:1;size=3;	74bd536a982117e99a75e40240e0e3b1b1f81a5c;Triparma	100.000	313	0	0	1	313	1	313	4.75e-166	579
M02215:3:000000000-B9JT7:1:1112:23786:188291:N:0:1;size=3;	b1a34b52e9dbe50cc0e7728a1c7595dcf1351f25;Littorina	100.000	313	0	0	1	313	1	313	4.65e-166	579
M02215:3:000000000-B9JT7:1:1112:26563:101001:N:0:1;size=3;	d92752cfdd8fd1a32b49db69adb3e1e7a3b4e8cc;Cyclotella	99.361	313	2	0	1	313	1	313	1.03e-162	568
M02215:3:000000000-B9JT7:1:1113:24147:182161:N:0:1;size=9;	12b98cb34776b20c1af3092b34deaa79d36c190a;Maculaura	99.684	316	1	0	1	316	1	316	4.80e-166	579
M02215:3:000000000-B9JT7:1:1113:8114:216141:N:0:1;size=9;	e02f30938c4249055fbb9bb66e41202a1e18fce8;Capitellidae	100.000	312	0	0	1	312	1	312	1.70e-165	577
M02215:3:000000000-B9JT7:1:2101:25579:170681:N:0:1;size=3;	b1a34b52e9dbe50cc0e7728a1c7595dcf1351f25;Littorina	100.000	313	0	0	1	313	1	313	4.45e-166	579
M02215:3:000000000-B9JT7:1:2102:15473:131921:N:0:1;size=3;	d92752cfdd8fd1a32b49db69adb3e1e7a3b4e8cc;Cyclotella	99.681	313	1	0	1	313	1	313	2.21e-164	573
M02215:3:000000000-B9JT7:1:2103:24678:206591:N:0:1;size=3;	882bcbeccf43f6ad24cd4dddc65e79df5feeaa78;Bathycoccus	98.788	330	4	0	1	330	1	330	7.90e-169	588
M02215:3:000000000-B9JT7:1:2107:13999:247831:N:0:1;size=3;	b1a34b52e9dbe50cc0e7728a1c7595dcf1351f25;Littorina	100.000	313	0	0	1	313	1	313	4.75e-166	579
M02215:3:000000000-B9JT7:1:2107:14053:278891:N:0:1;size=3;	882bcbeccf43f6ad24cd4dddc65e79df5feeaa78;Bathycoccus	98.795	332	3	1	1	332	1	331	2.20e-169	590
M02215:3:000000000-B9JT7:1:2107:24865:212221:N:0:1;size=3;	882bcbeccf43f6ad24cd4dddc65e79df5feeaa78;Bathycoccus	99.398	332	1	1	1	332	1	331	1.01e-172	601
M02215:3:000000000-B9JT7:1:2108:17415:127461:N:0:1;size=3;	12b98cb34776b20c1af3092b34deaa79d36c190a;Maculaura	99.684	316	1	0	1	316	1	316	4.80e-166	579
M02215:3:000000000-B9JT7:1:1101:11811:46111:N:0:1;size=6;	ecbcc3bd709776326a720729ad74c020c160aa3a;Chlorella	100.000	313	0	0	1	313	1	313	4.75e-166	579
M02215:3:000000000-B9JT7:1:1101:13288:283151:N:0:1;size=2;	74bd536a982117e99a75e40240e0e3b1b1f81a5c;Triparma	100.000	313	0	0	1	313	1	313	4.75e-166	579
M02215:3:000000000-B9JT7:1:1101:13688:128111:N:0:1;size=2;	74bd536a982117e99a75e40240e0e3b1b1f81a5c;Triparma	100.000	313	0	0	1	313	1	313	4.49e-166	579
M02215:3:000000000-B9JT7:1:1101:13845:20691:N:0:1;size=2;	82a205f3daa68291bd588729164809bef0b97a45;Nereis	99.662	296	1	0	1	296	1	296	5.91e-155	542
M02215:3:000000000-B9JT7:1:1101:15673:190401:N:0:1;size=2;	ad6dfc837550b177d564bf00ed25d8f0b9f77ea8;Pythium	100.000	313	0	0	1	313	1	313	4.75e-166	579
M02215:3:000000000-B9JT7:1:1101:15825:153881:N:0:1;size=4;	b14e192ef4db4138ef5da5fa073aee9196146841;Capitellidae	100.000	313	0	0	1	313	1	313	4.75e-166	579
M02215:3:000000000-B9JT7:1:1101:16177:257761:N:0:1;size=4;	ecbcc3bd709776326a720729ad74c020c160aa3a;Chlorella	100.000	313	0	0	1	313	1	313	4.71e-166	579
M02215:3:000000000-B9JT7:1:1101:16556:205601:N:0:1;size=2;	882bcbeccf43f6ad24cd4dddc65e79df5feeaa78;Bathycoccus	98.214	336	6	0	1	336	1	336	7.90e-169	588
M02215:3:000000000-B9JT7:1:1101:18166:149131:N:0:1;size=2;	a68693b3043b9d50a8c7e70db541da55c9a7d24d;Pseudocalanus	99.681	313	1	0	1	313	1	313	2.21e-164	573
M02215:3:000000000-B9JT7:1:1101:19662:197041:N:0:1;size=2;	74bd536a982117e99a75e40240e0e3b1b1f81a5c;Triparma	100.000	313	0	0	1	313	1	313	4.75e-166	579
M02215:3:000000000-B9JT7:1:1101:20394:168951:N:0:1;size=2;	32162e451e12cdf5cf3628007e99b0efa1ba946b;Phaeocystis	100.000	313	0	0	1	313	1	313	4.75e-166	579
M02215:3:000000000-B9JT7:1:1101:20432:32651:N:0:1;size=2;	e02f30938c4249055fbb9bb66e41202a1e18fce8;Capitellidae	100.000	312	0	0	1	312	1	312	1.70e-165	577
M02215:3:000000000-B9JT7:1:1101:21603:215121:N:0:1;size=2;	b14e192ef4db4138ef5da5fa073aee9196146841;Capitellidae	100.000	313	0	0	1	313	1	313	4.75e-166	579
M02215:3:000000000-B9JT7:1:1101:25014:64831:N:0:1;size=2;	c97e203113b40b77e44612c1d6e835474a9ddfac;Bathycoccus	100.000	313	0	0	1	313	1	313	4.75e-166	579
M02215:3:000000000-B9JT7:1:1101:4082:171821:N:0:1;size=2;	d92752cfdd8fd1a32b49db69adb3e1e7a3b4e8cc;Cyclotella	99.681	313	1	0	1	313	1	313	2.21e-164	573
M02215:3:000000000-B9JT7:1:1101:4720:121801:N:0:1;size=2;	d92752cfdd8fd1a32b49db69adb3e1e7a3b4e8cc;Cyclotella	99.681	313	1	0	1	313	1	313	2.21e-164	573
M02215:3:000000000-B9JT7:1:1101:5121:127371:N:0:1;size=2;	cc641d3be8658bf309461ade2f85466110d635ba;bacterium	100.000	313	0	0	1	313	1	313	4.75e-166	579
M02215:3:000000000-B9JT7:1:1101:7370:189011:N:0:1;size=2;	a64ab751b69ad1c2dc45814951dd0b3fce5c88aa;Micromonas	100.000	313	0	0	1	313	1	313	4.75e-166	579
M02215:3:000000000-B9JT7:1:1101:8181:61661:N:0:1;size=2;	882bcbeccf43f6ad24cd4dddc65e79df5feeaa78;Bathycoccus	98.214	336	6	0	1	336	1	336	7.90e-169	588
M02215:3:000000000-B9JT7:1:1101:8324:177901:N:0:1;size=2;	e02f30938c4249055fbb9bb66e41202a1e18fce8;Capitellidae	100.000	312	0	0	1	312	1	312	1.70e-165	577
M02215:3:000000000-B9JT7:1:1101:9012:32381:N:0:1;size=2;	d92752cfdd8fd1a32b49db69adb3e1e7a3b4e8cc;Cyclotella	99.681	313	1	0	1	313	1	313	2.21e-164	573
M02215:3:000000000-B9JT7:1:1101:9934:233441:N:0:1;size=2;	bc7798d3a55901fe59d6bb982bb5e6ab5a08c019;Holometabola	100.000	313	0	0	1	313	1	313	4.75e-166	579
M02215:3:000000000-B9JT7:1:1101:9947:167961:N:0:1;size=4;	b14e192ef4db4138ef5da5fa073aee9196146841;Capitellidae	100.000	313	0	0	1	313	1	313	4.75e-166	579
M02215:3:000000000-B9JT7:1:1102:10245:144531:N:0:1;size=4;	12b98cb34776b20c1af3092b34deaa79d36c190a;Maculaura	99.684	316	1	0	1	316	1	316	4.80e-166	579
M02215:3:000000000-B9JT7:1:1102:10295:65921:N:0:1;size=2;	d92752cfdd8fd1a32b49db69adb3e1e7a3b4e8cc;Cyclotella	99.681	313	1	0	1	313	1	313	2.21e-164	573
M02215:3:000000000-B9JT7:1:1102:10552:52751:N:0:1;size=6;	b14e192ef4db4138ef5da5fa073aee9196146841;Capitellidae	100.000	313	0	0	1	313	1	313	4.75e-166	579
M02215:3:000000000-B9JT7:1:1102:12131:98661:N:0:1;size=2;	5c556b9045fd9286d5d99204d2d868162ece051f;Thraustochytrium	81.081	259	43	6	57	312	57	312	1.20e-52	202
M02215:3:000000000-B9JT7:1:1102:12678:76901:N:0:1;size=2;	ecbcc3bd709776326a720729ad74c020c160aa3a;Chlorella	100.000	313	0	0	1	313	1	313	4.75e-166	579
M02215:3:000000000-B9JT7:1:1102:12850:125801:N:0:1;size=2;	882bcbeccf43f6ad24cd4dddc65e79df5feeaa78;Bathycoccus	98.810	336	4	0	1	336	1	336	3.65e-172	599
M02215:3:000000000-B9JT7:1:1102:13276:276261:N:0:1;size=6;	ecbcc3bd709776326a720729ad74c020c160aa3a;Chlorella	100.000	313	0	0	1	313	1	313	4.75e-166	579
M02215:3:000000000-B9JT7:1:1102:13461:36841:N:0:1;size=2;	6f98e637735b187cd156c79b8f022a0bc63d5fc5;Micromonas	100.000	313	0	0	1	313	1	313	4.75e-166	579
M02215:3:000000000-B9JT7:1:1102:14905:83131:N:0:1;size=2;	d92752cfdd8fd1a32b49db69adb3e1e7a3b4e8cc;Cyclotella	99.681	313	1	0	1	313	1	313	2.21e-164	573
M02215:3:000000000-B9JT7:1:1102:15093:32041:N:0:1;size=2;	6f98e637735b187cd156c79b8f022a0bc63d5fc5;Micromonas	100.000	313	0	0	1	313	1	313	4.75e-166	579
M02215:3:000000000-B9JT7:1:1102:16534:33081:N:0:1;size=2;	882bcbeccf43f6ad24cd4dddc65e79df5feeaa78;Bathycoccus	98.214	336	6	0	1	336	1	336	7.90e-169	588
M02215:3:000000000-B9JT7:1:1102:17240:197531:N:0:1;size=2;	a68693b3043b9d50a8c7e70db541da55c9a7d24d;Pseudocalanus	99.681	313	1	0	1	313	1	313	2.19e-164	573
M02215:3:000000000-B9JT7:1:1102:17812:189621:N:0:1;size=2;	882bcbeccf43f6ad24cd4dddc65e79df5feeaa78;Bathycoccus	98.795	332	3	1	1	332	1	331	2.20e-169	590
M02215:3:000000000-B9JT7:1:1102:17977:153481:N:0:1;size=2;	882bcbeccf43f6ad24cd4dddc65e79df5feeaa78;Bathycoccus	98.788	330	4	0	1	330	1	330	7.90e-169	588
M02215:3:000000000-B9JT7:1:1102:20183:75061:N:0:1;size=2;	d92752cfdd8fd1a32b49db69adb3e1e7a3b4e8cc;Cyclotella	99.681	313	1	0	1	313	1	313	2.21e-164	573
M02215:3:000000000-B9JT7:1:1102:21433:256391:N:0:1;size=2;	a68693b3043b9d50a8c7e70db541da55c9a7d24d;Pseudocalanus	99.681	313	1	0	1	313	1	313	2.21e-164	573
M02215:3:000000000-B9JT7:1:1102:22004:62751:N:0:1;size=2;	d92752cfdd8fd1a32b49db69adb3e1e7a3b4e8cc;Cyclotella	99.361	313	2	0	1	313	1	313	1.03e-162	568
M02215:3:000000000-B9JT7:1:1102:22338:177461:N:0:1;size=2;	a64ab751b69ad1c2dc45814951dd0b3fce5c88aa;Micromonas	100.000	312	0	0	2	313	2	313	1.71e-165	577
M02215:3:000000000-B9JT7:1:1102:22579:132081:N:0:1;size=2;	ecbcc3bd709776326a720729ad74c020c160aa3a;Chlorella	100.000	313	0	0	1	313	1	313	4.75e-166	579
M02215:3:000000000-B9JT7:1:1102:26647:228581:N:0:1;size=2;	bc7798d3a55901fe59d6bb982bb5e6ab5a08c019;Holometabola	100.000	313	0	0	1	313	1	313	4.75e-166	579
M02215:3:000000000-B9JT7:1:1102:27107:222781:N:0:1;size=2;	74bd536a982117e99a75e40240e0e3b1b1f81a5c;Triparma	100.000	313	0	0	1	313	1	313	4.75e-166	579
M02215:3:000000000-B9JT7:1:1102:7292:205081:N:0:1;size=2;	a68693b3043b9d50a8c7e70db541da55c9a7d24d;Pseudocalanus	99.361	313	2	0	1	313	1	313	1.03e-162	568
M02215:3:000000000-B9JT7:1:1102:8348:121421:N:0:1;size=2;	12b98cb34776b20c1af3092b34deaa79d36c190a;Maculaura	99.684	316	1	0	1	316	1	316	4.80e-166	579
M02215:3:000000000-B9JT7:1:1102:8718:141141:N:0:1;size=2;	882bcbeccf43f6ad24cd4dddc65e79df5feeaa78;Bathycoccus	98.214	336	6	0	1	336	1	336	7.82e-169	588
M02215:3:000000000-B9JT7:1:1102:9016:194041:N:0:1;size=2;	a4c5abb6f8cf3f8e1f96fcd812149a53baef88bd;Micromonas	96.805	313	10	0	1	313	1	313	2.26e-149	523
M02215:3:000000000-B9JT7:1:1103:10836:109641:N:0:1;size=2;	ec648dd8f07e687f8887f006f05d9740edf238ee;Bathycoccus	98.403	313	5	0	1	313	1	313	1.04e-157	551
M02215:3:000000000-B9JT7:1:1103:11498:267641:N:0:1;size=2;	74bd536a982117e99a75e40240e0e3b1b1f81a5c;Triparma	100.000	313	0	0	1	313	1	313	4.75e-166	579
M02215:3:000000000-B9JT7:1:1103:12112:31111:N:0:1;size=2;	a68693b3043b9d50a8c7e70db541da55c9a7d24d;Pseudocalanus	99.681	313	1	0	1	313	1	313	2.21e-164	573
M02215:3:000000000-B9JT7:1:1103:12745:142831:N:0:1;size=4;	e02f30938c4249055fbb9bb66e41202a1e18fce8;Capitellidae	100.000	312	0	0	1	312	1	312	1.70e-165	577
M02215:3:000000000-B9JT7:1:1103:12912:116161:N:0:1;size=2;	e02f30938c4249055fbb9bb66e41202a1e18fce8;Capitellidae	100.000	312	0	0	1	312	1	312	1.60e-165	577
M02215:3:000000000-B9JT7:1:1103:12999:119871:N:0:1;size=2;	a68693b3043b9d50a8c7e70db541da55c9a7d24d;Pseudocalanus	99.681	313	1	0	1	313	1	313	2.21e-164	573
M02215:3:000000000-B9JT7:1:1103:13268:182151:N:0:1;size=2;	78b880f37ed714f8b7edf956b8bef2eb6378b704;Aphanomyces	91.148	305	25	2	1	304	1	304	4.96e-116	412
M02215:3:000000000-B9JT7:1:1103:13767:148191:N:0:1;size=2;	5ae1341da7ed3b29f88201563c85b12b0112a65a;Minutocellus	100.000	313	0	0	1	313	1	313	4.75e-166	579
M02215:3:000000000-B9JT7:1:1103:14560:142301:N:0:1;size=2;	74bd536a982117e99a75e40240e0e3b1b1f81a5c;Triparma	100.000	313	0	0	1	313	1	313	4.75e-166	579
M02215:3:000000000-B9JT7:1:1103:16462:264901:N:0:1;size=2;	74bd536a982117e99a75e40240e0e3b1b1f81a5c;Triparma	100.000	313	0	0	1	313	1	313	4.75e-166	579
M02215:3:000000000-B9JT7:1:1103:16563:269591:N:0:1;size=14;	b14e192ef4db4138ef5da5fa073aee9196146841;Capitellidae	100.000	313	0	0	1	313	1	313	4.75e-166	579
M02215:3:000000000-B9JT7:1:1103:17775:71441:N:0:1;size=4;	a64ab751b69ad1c2dc45814951dd0b3fce5c88aa;Micromonas	100.000	313	0	0	1	313	1	313	4.67e-166	579
M02215:3:000000000-B9JT7:1:1103:19030:211121:N:0:1;size=4;	74bd536a982117e99a75e40240e0e3b1b1f81a5c;Triparma	100.000	313	0	0	1	313	1	313	4.75e-166	579
M02215:3:000000000-B9JT7:1:1103:21583:61321:N:0:1;size=2;	6f98e637735b187cd156c79b8f022a0bc63d5fc5;Micromonas	100.000	313	0	0	1	313	1	313	4.71e-166	579
M02215:3:000000000-B9JT7:1:1103:21690:278501:N:0:1;size=2;	bc7798d3a55901fe59d6bb982bb5e6ab5a08c019;Holometabola	100.000	313	0	0	1	313	1	313	4.75e-166	579
M02215:3:000000000-B9JT7:1:1103:22102:255981:N:0:1;size=2;	7407b9d4fe1af0032dd57f9aa8f925d8eacef68f;Macrocystis	100.000	313	0	0	1	313	1	313	4.75e-166	579
M02215:3:000000000-B9JT7:1:1103:22179:255651:N:0:1;size=2;	6f98e637735b187cd156c79b8f022a0bc63d5fc5;Micromonas	100.000	313	0	0	1	313	1	313	4.75e-166	579
M02215:3:000000000-B9JT7:1:1103:22470:82131:N:0:1;size=2;	a64ab751b69ad1c2dc45814951dd0b3fce5c88aa;Micromonas	100.000	312	0	0	2	313	2	313	1.71e-165	577
M02215:3:000000000-B9JT7:1:1103:23829:261801:N:0:1;size=2;	74bd536a982117e99a75e40240e0e3b1b1f81a5c;Triparma	100.000	313	0	0	1	313	1	313	4.43e-166	579
M02215:3:000000000-B9JT7:1:1103:24373:203971:N:0:1;size=2;	12b98cb34776b20c1af3092b34deaa79d36c190a;Maculaura	99.684	316	1	0	1	316	1	316	4.80e-166	579
M02215:3:000000000-B9JT7:1:1103:24833:155961:N:0:1;size=2;	b14e192ef4db4138ef5da5fa073aee9196146841;Capitellidae	100.000	313	0	0	1	313	1	313	4.75e-166	579
M02215:3:000000000-B9JT7:1:1103:26759:102641:N:0:1;size=6;	882bcbeccf43f6ad24cd4dddc65e79df5feeaa78;Bathycoccus	97.917	336	7	0	1	336	1	336	3.67e-167	582
M02215:3:000000000-B9JT7:1:1103:3277:190531:N:0:1;size=2;	b14e192ef4db4138ef5da5fa073aee9196146841;Capitellidae	100.000	313	0	0	1	313	1	313	4.75e-166	579
M02215:3:000000000-B9JT7:1:1103:5471:175011:N:0:1;size=4;	bc7798d3a55901fe59d6bb982bb5e6ab5a08c019;Holometabola	100.000	313	0	0	1	313	1	313	4.75e-166	579
M02215:3:000000000-B9JT7:1:1103:6685:155871:N:0:1;size=2;	b1a34b52e9dbe50cc0e7728a1c7595dcf1351f25;Littorina	100.000	313	0	0	1	313	1	313	4.75e-166	579
M02215:3:000000000-B9JT7:1:1103:7848:119841:N:0:1;size=2;	12b98cb34776b20c1af3092b34deaa79d36c190a;Maculaura	99.684	316	1	0	1	316	1	316	4.64e-166	579
M02215:3:000000000-B9JT7:1:1103:8065:108461:N:0:1;size=2;	882bcbeccf43f6ad24cd4dddc65e79df5feeaa78;Bathycoccus	98.810	336	4	0	1	336	1	336	3.57e-172	599
M02215:3:000000000-B9JT7:1:1103:8524:91351:N:0:1;size=2;	ecbcc3bd709776326a720729ad74c020c160aa3a;Chlorella	100.000	313	0	0	1	313	1	313	4.75e-166	579
M02215:3:000000000-B9JT7:1:1103:8756:91181:N:0:1;size=2;	b1a34b52e9dbe50cc0e7728a1c7595dcf1351f25;Littorina	100.000	313	0	0	1	313	1	313	4.46e-166	579
M02215:3:000000000-B9JT7:1:1103:8893:50841:N:0:1;size=2;	b14e192ef4db4138ef5da5fa073aee9196146841;Capitellidae	100.000	313	0	0	1	313	1	313	4.75e-166	579
M02215:3:000000000-B9JT7:1:1103:9160:187471:N:0:1;size=2;	a4c5abb6f8cf3f8e1f96fcd812149a53baef88bd;Micromonas	99.361	313	2	0	1	313	1	313	1.03e-162	568
M02215:3:000000000-B9JT7:1:1103:9682:138761:N:0:1;size=2;	882bcbeccf43f6ad24cd4dddc65e79df5feeaa78;Bathycoccus	99.091	330	3	0	1	330	1	330	1.70e-170	593
M02215:3:000000000-B9JT7:1:1103:9994:273341:N:0:1;size=2;	882bcbeccf43f6ad24cd4dddc65e79df5feeaa78;Bathycoccus	99.403	335	2	0	2	336	2	336	6.06e-175	608
M02215:3:000000000-B9JT7:1:1104:10500:148141:N:0:1;size=2;	9402a7067c5f07e093e31adf849318245f495bb9;Micromonas	100.000	313	0	0	1	313	1	313	4.75e-166	579
M02215:3:000000000-B9JT7:1:1104:12009:94761:N:0:1;size=2;	e02f30938c4249055fbb9bb66e41202a1e18fce8;Capitellidae	100.000	312	0	0	1	312	1	312	1.70e-165	577
M02215:3:000000000-B9JT7:1:1104:14168:247701:N:0:1;size=2;	a64ab751b69ad1c2dc45814951dd0b3fce5c88aa;Micromonas	100.000	313	0	0	1	313	1	313	4.62e-166	579
M02215:3:000000000-B9JT7:1:1104:15140:228881:N:0:1;size=4;	b14e192ef4db4138ef5da5fa073aee9196146841;Capitellidae	100.000	313	0	0	1	313	1	313	4.75e-166	579
M02215:3:000000000-B9JT7:1:1104:16529:130431:N:0:1;size=2;	a68693b3043b9d50a8c7e70db541da55c9a7d24d;Pseudocalanus	99.681	313	1	0	1	313	1	313	2.21e-164	573
M02215:3:000000000-B9JT7:1:1104:16705:201821:N:0:1;size=2;	74bd536a982117e99a75e40240e0e3b1b1f81a5c;Triparma	100.000	313	0	0	1	313	1	313	4.75e-166	579
M02215:3:000000000-B9JT7:1:1104:17132:249591:N:0:1;size=2;	d92752cfdd8fd1a32b49db69adb3e1e7a3b4e8cc;Cyclotella	99.681	313	1	0	1	313	1	313	2.17e-164	573
M02215:3:000000000-B9JT7:1:1104:18134:34861:N:0:1;size=2;	a68693b3043b9d50a8c7e70db541da55c9a7d24d;Pseudocalanus	99.361	313	2	0	1	313	1	313	1.02e-162	568
M02215:3:000000000-B9JT7:1:1104:18857:163491:N:0:1;size=2;	a64ab751b69ad1c2dc45814951dd0b3fce5c88aa;Micromonas	99.681	313	1	0	1	313	1	313	2.21e-164	573
M02215:3:000000000-B9JT7:1:1104:19394:134931:N:0:1;size=2;	12b98cb34776b20c1af3092b34deaa79d36c190a;Maculaura	99.684	316	1	0	1	316	1	316	4.80e-166	579
M02215:3:000000000-B9JT7:1:1104:20423:242381:N:0:1;size=2;	12b98cb34776b20c1af3092b34deaa79d36c190a;Maculaura	99.684	316	1	0	1	316	1	316	4.80e-166	579
M02215:3:000000000-B9JT7:1:1104:21997:201971:N:0:1;size=2;	dcaf7f874689c3d55666a06e5f29a433d213eb4d;Phaeocystis	98.658	298	3	1	17	313	16	313	1.75e-150	527
M02215:3:000000000-B9JT7:1:1104:23585:78761:N:0:1;size=2;	74bd536a982117e99a75e40240e0e3b1b1f81a5c;Triparma	100.000	313	0	0	1	313	1	313	4.75e-166	579
M02215:3:000000000-B9JT7:1:1104:23954:47041:N:0:1;size=2;	b14e192ef4db4138ef5da5fa073aee9196146841;Capitellidae	100.000	313	0	0	1	313	1	313	4.75e-166	579
M02215:3:000000000-B9JT7:1:1104:24260:105261:N:0:1;size=2;	882bcbeccf43f6ad24cd4dddc65e79df5feeaa78;Bathycoccus	99.091	330	3	0	1	330	1	330	1.70e-170	593
M02215:3:000000000-B9JT7:1:1104:24932:86591:N:0:1;size=2;	b1a34b52e9dbe50cc0e7728a1c7595dcf1351f25;Littorina	100.000	313	0	0	1	313	1	313	4.75e-166	579
M02215:3:000000000-B9JT7:1:1104:2615:110851:N:0:1;size=2;	6f98e637735b187cd156c79b8f022a0bc63d5fc5;Micromonas	100.000	313	0	0	1	313	1	313	4.71e-166	579
M02215:3:000000000-B9JT7:1:1104:26218:162751:N:0:1;size=2;	bc7798d3a55901fe59d6bb982bb5e6ab5a08c019;Holometabola	100.000	313	0	0	1	313	1	313	4.71e-166	579
M02215:3:000000000-B9JT7:1:1104:27484:211381:N:0:1;size=2;	135564e9c33f7abcb19bbdbfc571af0ea2c77f82;Pedospumella	100.000	313	0	0	1	313	1	313	4.75e-166	579
M02215:3:000000000-B9JT7:1:1104:5546:170681:N:0:1;size=2;	e02f30938c4249055fbb9bb66e41202a1e18fce8;Capitellidae	100.000	312	0	0	1	312	1	312	1.70e-165	577
M02215:3:000000000-B9JT7:1:1104:5753:94441:N:0:1;size=4;	e02f30938c4249055fbb9bb66e41202a1e18fce8;Capitellidae	100.000	312	0	0	1	312	1	312	1.70e-165	577
M02215:3:000000000-B9JT7:1:1104:8612:189051:N:0:1;size=2;	e02f30938c4249055fbb9bb66e41202a1e18fce8;Capitellidae	100.000	312	0	0	1	312	1	312	1.70e-165	577
M02215:3:000000000-B9JT7:1:1105:11086:157941:N:0:1;size=2;	dcaf7f874689c3d55666a06e5f29a433d213eb4d;Phaeocystis	97.987	298	5	1	17	313	16	313	3.78e-147	516
M02215:3:000000000-B9JT7:1:1105:11402:126591:N:0:1;size=4;	d92752cfdd8fd1a32b49db69adb3e1e7a3b4e8cc;Cyclotella	99.361	313	2	0	1	313	1	313	1.03e-162	568
M02215:3:000000000-B9JT7:1:1105:12473:117961:N:0:1;size=4;	e02f30938c4249055fbb9bb66e41202a1e18fce8;Capitellidae	100.000	312	0	0	1	312	1	312	1.70e-165	577
M02215:3:000000000-B9JT7:1:1105:16606:51281:N:0:1;size=2;	74bd536a982117e99a75e40240e0e3b1b1f81a5c;Triparma	99.681	313	1	0	1	313	1	313	2.21e-164	573
M02215:3:000000000-B9JT7:1:1105:18501:164621:N:0:1;size=2;	a64ab751b69ad1c2dc45814951dd0b3fce5c88aa;Micromonas	100.000	297	0	0	1	297	1	297	3.73e-157	549
M02215:3:000000000-B9JT7:1:1105:21512:74371:N:0:1;size=2;	d92752cfdd8fd1a32b49db69adb3e1e7a3b4e8cc;Cyclotella	99.361	313	2	0	1	313	1	313	1.03e-162	568
M02215:3:000000000-B9JT7:1:1105:22492:241061:N:0:1;size=2;	882bcbeccf43f6ad24cd4dddc65e79df5feeaa78;Bathycoccus	98.788	330	4	0	1	330	1	330	7.90e-169	588
M02215:3:000000000-B9JT7:1:1105:22512:190491:N:0:1;size=4;	a64ab751b69ad1c2dc45814951dd0b3fce5c88aa;Micromonas	100.000	313	0	0	1	313	1	313	4.68e-166	579
M02215:3:000000000-B9JT7:1:1105:23316:215531:N:0:1;size=2;	d92752cfdd8fd1a32b49db69adb3e1e7a3b4e8cc;Cyclotella	99.361	313	2	0	1	313	1	313	1.03e-162	568
M02215:3:000000000-B9JT7:1:1105:23450:261941:N:0:1;size=2;	b1a34b52e9dbe50cc0e7728a1c7595dcf1351f25;Littorina	100.000	313	0	0	1	313	1	313	4.75e-166	579
M02215:3:000000000-B9JT7:1:1105:23502:200911:N:0:1;size=2;	d92752cfdd8fd1a32b49db69adb3e1e7a3b4e8cc;Cyclotella	99.361	313	2	0	1	313	1	313	1.03e-162	568
M02215:3:000000000-B9JT7:1:1105:26332:77871:N:0:1;size=2;	a64ab751b69ad1c2dc45814951dd0b3fce5c88aa;Micromonas	100.000	313	0	0	1	313	1	313	4.59e-166	579
M02215:3:000000000-B9JT7:1:1105:28442:181771:N:0:1;size=2;	d92752cfdd8fd1a32b49db69adb3e1e7a3b4e8cc;Cyclotella	99.681	313	1	0	1	313	1	313	2.15e-164	573
M02215:3:000000000-B9JT7:1:1105:2982:172331:N:0:1;size=2;	a68693b3043b9d50a8c7e70db541da55c9a7d24d;Pseudocalanus	99.681	313	1	0	1	313	1	313	2.21e-164	573
M02215:3:000000000-B9JT7:1:1105:6701:132681:N:0:1;size=2;	b1a34b52e9dbe50cc0e7728a1c7595dcf1351f25;Littorina	100.000	313	0	0	1	313	1	313	4.75e-166	579
M02215:3:000000000-B9JT7:1:1105:7817:38411:N:0:1;size=2;	433f1af44603d12596cb3c6f0ef504ea0fde6884;Dimeregramma	100.000	313	0	0	1	313	1	313	4.75e-166	579
M02215:3:000000000-B9JT7:1:1105:8351:150191:N:0:1;size=2;	d92752cfdd8fd1a32b49db69adb3e1e7a3b4e8cc;Cyclotella	99.361	313	2	0	1	313	1	313	1.03e-162	568
M02215:3:000000000-B9JT7:1:1105:8580:103051:N:0:1;size=2;	43cdd9bcff01e80713af243417de400f0b175a07;Dictyocha	100.000	313	0	0	1	313	1	313	4.75e-166	579
M02215:3:000000000-B9JT7:1:1106:10161:233251:N:0:1;size=2;	d92752cfdd8fd1a32b49db69adb3e1e7a3b4e8cc;Cyclotella	99.361	313	2	0	1	313	1	313	1.03e-162	568
M02215:3:000000000-B9JT7:1:1106:11337:153901:N:0:1;size=2;	b1a34b52e9dbe50cc0e7728a1c7595dcf1351f25;Littorina	99.681	313	1	0	1	313	1	313	2.21e-164	573
M02215:3:000000000-B9JT7:1:1106:11541:238021:N:0:1;size=2;	a64ab751b69ad1c2dc45814951dd0b3fce5c88aa;Micromonas	100.000	313	0	0	1	313	1	313	4.56e-166	579
M02215:3:000000000-B9JT7:1:1106:11888:78341:N:0:1;size=2;	6f98e637735b187cd156c79b8f022a0bc63d5fc5;Micromonas	100.000	313	0	0	1	313	1	313	4.71e-166	579
M02215:3:000000000-B9JT7:1:1106:12652:24531:N:0:1;size=2;	d92752cfdd8fd1a32b49db69adb3e1e7a3b4e8cc;Cyclotella	99.681	313	1	0	1	313	1	313	2.21e-164	573
M02215:3:000000000-B9JT7:1:1106:13421:221211:N:0:1;size=6;	cc641d3be8658bf309461ade2f85466110d635ba;bacterium	100.000	313	0	0	1	313	1	313	4.71e-166	579
M02215:3:000000000-B9JT7:1:1106:19288:218951:N:0:1;size=2;	ecbcc3bd709776326a720729ad74c020c160aa3a;Chlorella	100.000	313	0	0	1	313	1	313	4.75e-166	579
M02215:3:000000000-B9JT7:1:1106:19612:33191:N:0:1;size=2;	b14e192ef4db4138ef5da5fa073aee9196146841;Capitellidae	100.000	313	0	0	1	313	1	313	4.75e-166	579
M02215:3:000000000-B9JT7:1:1106:22548:147571:N:0:1;size=4;	b14e192ef4db4138ef5da5fa073aee9196146841;Capitellidae	100.000	313	0	0	1	313	1	313	4.75e-166	579
M02215:3:000000000-B9JT7:1:1106:23721:108981:N:0:1;size=2;	12b98cb34776b20c1af3092b34deaa79d36c190a;Maculaura	99.684	316	1	0	1	316	1	316	4.80e-166	579
M02215:3:000000000-B9JT7:1:1106:26733:99861:N:0:1;size=2;	882bcbeccf43f6ad24cd4dddc65e79df5feeaa78;Bathycoccus	98.529	340	5	0	1	340	1	340	1.01e-172	601
M02215:3:000000000-B9JT7:1:1106:6448:53131:N:0:1;size=2;	d92752cfdd8fd1a32b49db69adb3e1e7a3b4e8cc;Cyclotella	99.681	313	1	0	1	313	1	313	2.21e-164	573
M02215:3:000000000-B9JT7:1:1106:6856:50311:N:0:1;size=2;	74bd536a982117e99a75e40240e0e3b1b1f81a5c;Triparma	100.000	313	0	0	1	313	1	313	4.75e-166	579
M02215:3:000000000-B9JT7:1:1106:7093:248361:N:0:1;size=2;	d92752cfdd8fd1a32b49db69adb3e1e7a3b4e8cc;Cyclotella	99.681	313	1	0	1	313	1	313	2.21e-164	573
M02215:3:000000000-B9JT7:1:1106:8731:140451:N:0:1;size=2;	83334fa70e3fa4e07973c5ed12903166a1da716f;unclassified	100.000	313	0	0	1	313	1	313	4.75e-166	579
M02215:3:000000000-B9JT7:1:1107:10491:42031:N:0:1;size=2;	a64ab751b69ad1c2dc45814951dd0b3fce5c88aa;Micromonas	100.000	313	0	0	1	313	1	313	4.58e-166	579
M02215:3:000000000-B9JT7:1:1107:10606:260591:N:0:1;size=2;	882bcbeccf43f6ad24cd4dddc65e79df5feeaa78;Bathycoccus	98.810	336	4	0	1	336	1	336	3.65e-172	599
M02215:3:000000000-B9JT7:1:1107:11000:85541:N:0:1;size=2;	a64ab751b69ad1c2dc45814951dd0b3fce5c88aa;Micromonas	100.000	297	0	0	1	297	1	297	3.69e-157	549
M02215:3:000000000-B9JT7:1:1107:11884:201801:N:0:1;size=2;	b0df7ca7364a49d20b2f01ac908edd3bce22829b;unclassified	100.000	313	0	0	1	313	1	313	4.75e-166	579
M02215:3:000000000-B9JT7:1:1107:15854:73921:N:0:1;size=2;	882bcbeccf43f6ad24cd4dddc65e79df5feeaa78;Bathycoccus	98.512	336	5	0	1	336	1	336	1.70e-170	593
M02215:3:000000000-B9JT7:1:1107:16105:211051:N:0:1;size=2;	74bd536a982117e99a75e40240e0e3b1b1f81a5c;Triparma	100.000	313	0	0	1	313	1	313	4.75e-166	579
M02215:3:000000000-B9JT7:1:1107:18776:129541:N:0:1;size=2;	b14e192ef4db4138ef5da5fa073aee9196146841;Capitellidae	100.000	313	0	0	1	313	1	313	4.75e-166	579
M02215:3:000000000-B9JT7:1:1107:23488:222131:N:0:1;size=2;	ecbcc3bd709776326a720729ad74c020c160aa3a;Chlorella	100.000	313	0	0	1	313	1	313	4.75e-166	579
M02215:3:000000000-B9JT7:1:1107:23590:246891:N:0:1;size=2;	a68693b3043b9d50a8c7e70db541da55c9a7d24d;Pseudocalanus	99.361	313	2	0	1	313	1	313	1.03e-162	568
M02215:3:000000000-B9JT7:1:1107:23787:246801:N:0:1;size=2;	32162e451e12cdf5cf3628007e99b0efa1ba946b;Phaeocystis	100.000	313	0	0	1	313	1	313	4.75e-166	579
M02215:3:000000000-B9JT7:1:1107:24078:86921:N:0:1;size=2;	6f98e637735b187cd156c79b8f022a0bc63d5fc5;Micromonas	100.000	313	0	0	1	313	1	313	4.75e-166	579
M02215:3:000000000-B9JT7:1:1107:25288:67461:N:0:1;size=2;	d92752cfdd8fd1a32b49db69adb3e1e7a3b4e8cc;Cyclotella	99.681	313	1	0	1	313	1	313	2.17e-164	573
M02215:3:000000000-B9JT7:1:1107:27292:149051:N:0:1;size=2;	e02f30938c4249055fbb9bb66e41202a1e18fce8;Capitellidae	100.000	312	0	0	1	312	1	312	1.70e-165	577
M02215:3:000000000-B9JT7:1:1107:7056:98131:N:0:1;size=2;	5ae1341da7ed3b29f88201563c85b12b0112a65a;Minutocellus	100.000	313	0	0	1	313	1	313	4.75e-166	579
M02215:3:000000000-B9JT7:1:1107:7129:92261:N:0:1;size=2;	882bcbeccf43f6ad24cd4dddc65e79df5feeaa78;Bathycoccus	99.696	329	1	0	2	330	2	330	2.82e-173	603
M02215:3:000000000-B9JT7:1:1107:7711:260131:N:0:1;size=2;	a64ab751b69ad1c2dc45814951dd0b3fce5c88aa;Micromonas	100.000	313	0	0	1	313	1	313	4.71e-166	579
M02215:3:000000000-B9JT7:1:1107:9774:107681:N:0:1;size=2;	b14e192ef4db4138ef5da5fa073aee9196146841;Capitellidae	100.000	313	0	0	1	313	1	313	4.75e-166	579
M02215:3:000000000-B9JT7:1:1108:10561:232641:N:0:1;size=2;	74bd536a982117e99a75e40240e0e3b1b1f81a5c;Triparma	100.000	313	0	0	1	313	1	313	4.75e-166	579
M02215:3:000000000-B9JT7:1:1108:16289:224631:N:0:1;size=2;	882bcbeccf43f6ad24cd4dddc65e79df5feeaa78;Bathycoccus	99.091	330	3	0	1	330	1	330	1.70e-170	593
M02215:3:000000000-B9JT7:1:1108:17862:40421:N:0:1;size=4;	882bcbeccf43f6ad24cd4dddc65e79df5feeaa78;Bathycoccus	99.394	330	2	0	1	330	1	330	3.65e-172	599
M02215:3:000000000-B9JT7:1:1108:20179:249451:N:0:1;size=2;	a4c5abb6f8cf3f8e1f96fcd812149a53baef88bd;Micromonas	95.208	313	15	0	1	313	1	313	4.92e-141	496
M02215:3:000000000-B9JT7:1:1108:20962:253681:N:0:1;size=2;	dcaf7f874689c3d55666a06e5f29a433d213eb4d;Phaeocystis	98.328	299	4	1	16	313	15	313	2.26e-149	523
M02215:3:000000000-B9JT7:1:1108:21515:257471:N:0:1;size=2;	a64ab751b69ad1c2dc45814951dd0b3fce5c88aa;Micromonas	100.000	297	0	0	1	297	1	297	3.73e-157	549
M02215:3:000000000-B9JT7:1:1108:21583:68321:N:0:1;size=2;	b14e192ef4db4138ef5da5fa073aee9196146841;Capitellidae	100.000	313	0	0	1	313	1	313	4.75e-166	579
M02215:3:000000000-B9JT7:1:1108:21598:74801:N:0:1;size=2;	a64ab751b69ad1c2dc45814951dd0b3fce5c88aa;Micromonas	100.000	313	0	0	1	313	1	313	4.48e-166	579
M02215:3:000000000-B9JT7:1:1108:21859:209081:N:0:1;size=2;	a4c5abb6f8cf3f8e1f96fcd812149a53baef88bd;Micromonas	95.847	313	13	0	1	313	1	313	2.27e-144	507
M02215:3:000000000-B9JT7:1:1108:23857:190581:N:0:1;size=2;	882bcbeccf43f6ad24cd4dddc65e79df5feeaa78;Bathycoccus	99.392	329	2	0	1	329	1	329	1.24e-171	597
M02215:3:000000000-B9JT7:1:1108:3073:115941:N:0:1;size=2;	d92752cfdd8fd1a32b49db69adb3e1e7a3b4e8cc;Cyclotella	99.361	313	2	0	1	313	1	313	1.03e-162	568
M02215:3:000000000-B9JT7:1:1108:3977:101101:N:0:1;size=2;	a64ab751b69ad1c2dc45814951dd0b3fce5c88aa;Micromonas	100.000	313	0	0	1	313	1	313	4.39e-166	579
M02215:3:000000000-B9JT7:1:1108:4372:119531:N:0:1;size=2;	e02f30938c4249055fbb9bb66e41202a1e18fce8;Capitellidae	100.000	312	0	0	1	312	1	312	1.70e-165	577
M02215:3:000000000-B9JT7:1:1108:7309:204181:N:0:1;size=2;	b14e192ef4db4138ef5da5fa073aee9196146841;Capitellidae	100.000	313	0	0	1	313	1	313	4.75e-166	579
M02215:3:000000000-B9JT7:1:1108:8693:33331:N:0:1;size=2;	b1a34b52e9dbe50cc0e7728a1c7595dcf1351f25;Littorina	100.000	313	0	0	1	313	1	313	4.30e-166	579
M02215:3:000000000-B9JT7:1:1108:9982:227781:N:0:1;size=2;	12b98cb34776b20c1af3092b34deaa79d36c190a;Maculaura	99.684	316	1	0	1	316	1	316	4.80e-166	579
M02215:3:000000000-B9JT7:1:1109:10513:144001:N:0:1;size=2;	d92752cfdd8fd1a32b49db69adb3e1e7a3b4e8cc;Cyclotella	99.681	313	1	0	1	313	1	313	2.21e-164	573
M02215:3:000000000-B9JT7:1:1109:10543:229681:N:0:1;size=4;	12b98cb34776b20c1af3092b34deaa79d36c190a;Maculaura	99.684	316	1	0	1	316	1	316	4.80e-166	579
M02215:3:000000000-B9JT7:1:1109:11135:91881:N:0:1;size=2;	b14e192ef4db4138ef5da5fa073aee9196146841;Capitellidae	100.000	313	0	0	1	313	1	313	4.75e-166	579
M02215:3:000000000-B9JT7:1:1109:11282:232401:N:0:1;size=2;	b14e192ef4db4138ef5da5fa073aee9196146841;Capitellidae	100.000	313	0	0	1	313	1	313	4.75e-166	579
M02215:3:000000000-B9JT7:1:1109:12211:70571:N:0:1;size=2;	ecbcc3bd709776326a720729ad74c020c160aa3a;Chlorella	100.000	313	0	0	1	313	1	313	4.75e-166	579
M02215:3:000000000-B9JT7:1:1109:14221:144041:N:0:1;size=2;	a64ab751b69ad1c2dc45814951dd0b3fce5c88aa;Micromonas	100.000	313	0	0	1	313	1	313	4.65e-166	579
M02215:3:000000000-B9JT7:1:1109:15418:90431:N:0:1;size=2;	74bd536a982117e99a75e40240e0e3b1b1f81a5c;Triparma	100.000	313	0	0	1	313	1	313	4.59e-166	579
M02215:3:000000000-B9JT7:1:1109:16459:221221:N:0:1;size=2;	b1a34b52e9dbe50cc0e7728a1c7595dcf1351f25;Littorina	99.681	313	1	0	1	313	1	313	2.21e-164	573
M02215:3:000000000-B9JT7:1:1109:17153:248311:N:0:1;size=2;	12b98cb34776b20c1af3092b34deaa79d36c190a;Maculaura	99.684	316	1	0	1	316	1	316	4.80e-166	579
M02215:3:000000000-B9JT7:1:1109:17845:243841:N:0:1;size=2;	882bcbeccf43f6ad24cd4dddc65e79df5feeaa78;Bathycoccus	98.214	336	6	0	1	336	1	336	7.90e-169	588
M02215:3:000000000-B9JT7:1:1109:17899:192741:N:0:1;size=2;	433f1af44603d12596cb3c6f0ef504ea0fde6884;Dimeregramma	100.000	313	0	0	1	313	1	313	4.75e-166	579
M02215:3:000000000-B9JT7:1:1109:19183:83441:N:0:1;size=2;	e02f30938c4249055fbb9bb66e41202a1e18fce8;Capitellidae	100.000	312	0	0	1	312	1	312	1.70e-165	577
M02215:3:000000000-B9JT7:1:1109:19612:41291:N:0:1;size=2;	bc7798d3a55901fe59d6bb982bb5e6ab5a08c019;Holometabola	100.000	313	0	0	1	313	1	313	4.75e-166	579
M02215:3:000000000-B9JT7:1:1109:19851:126141:N:0:1;size=2;	af7152e514a5fe07118bba71dc8d72265671a7d5;Macrocystis	100.000	313	0	0	1	313	1	313	4.75e-166	579
M02215:3:000000000-B9JT7:1:1109:20545:63071:N:0:1;size=2;	ecbcc3bd709776326a720729ad74c020c160aa3a;Chlorella	100.000	313	0	0	1	313	1	313	4.71e-166	579
M02215:3:000000000-B9JT7:1:1109:24825:146061:N:0:1;size=2;	5ae1341da7ed3b29f88201563c85b12b0112a65a;Minutocellus	100.000	313	0	0	1	313	1	313	4.75e-166	579
M02215:3:000000000-B9JT7:1:1109:4137:144791:N:0:1;size=4;	d92752cfdd8fd1a32b49db69adb3e1e7a3b4e8cc;Cyclotella	99.681	313	1	0	1	313	1	313	2.21e-164	573
M02215:3:000000000-B9JT7:1:1109:4214:172511:N:0:1;size=2;	882bcbeccf43f6ad24cd4dddc65e79df5feeaa78;Bathycoccus	98.494	332	4	1	1	332	1	331	1.02e-167	584
M02215:3:000000000-B9JT7:1:1109:9123:141681:N:0:1;size=2;	12b98cb34776b20c1af3092b34deaa79d36c190a;Maculaura	99.684	316	1	0	1	316	1	316	4.80e-166	579
M02215:3:000000000-B9JT7:1:1110:10187:169091:N:0:1;size=2;	12b98cb34776b20c1af3092b34deaa79d36c190a;Maculaura	99.684	316	1	0	1	316	1	316	4.80e-166	579
M02215:3:000000000-B9JT7:1:1110:11029:141691:N:0:1;size=2;	af7152e514a5fe07118bba71dc8d72265671a7d5;Macrocystis	100.000	313	0	0	1	313	1	313	4.75e-166	579
M02215:3:000000000-B9JT7:1:1110:11935:123521:N:0:1;size=2;	5ae1341da7ed3b29f88201563c85b12b0112a65a;Minutocellus	100.000	313	0	0	1	313	1	313	4.75e-166	579
M02215:3:000000000-B9JT7:1:1110:12217:32441:N:0:1;size=2;	bc7798d3a55901fe59d6bb982bb5e6ab5a08c019;Holometabola	100.000	313	0	0	1	313	1	313	4.75e-166	579
M02215:3:000000000-B9JT7:1:1110:12654:93001:N:0:1;size=2;	12b98cb34776b20c1af3092b34deaa79d36c190a;Maculaura	99.684	316	1	0	1	316	1	316	4.80e-166	579
M02215:3:000000000-B9JT7:1:1110:14677:250991:N:0:1;size=2;	a64ab751b69ad1c2dc45814951dd0b3fce5c88aa;Micromonas	100.000	313	0	0	1	313	1	313	4.67e-166	579
M02215:3:000000000-B9JT7:1:1110:18897:37711:N:0:1;size=2;	b14e192ef4db4138ef5da5fa073aee9196146841;Capitellidae	100.000	313	0	0	1	313	1	313	4.75e-166	579
M02215:3:000000000-B9JT7:1:1110:19039:220251:N:0:1;size=4;	b14e192ef4db4138ef5da5fa073aee9196146841;Capitellidae	100.000	313	0	0	1	313	1	313	4.75e-166	579
M02215:3:000000000-B9JT7:1:1110:19743:70361:N:0:1;size=2;	954c2d6a54f3a580cb8173b46bb5997143517f0e;Bathycoccus	95.192	312	15	0	2	313	2	313	1.75e-140	494
M02215:3:000000000-B9JT7:1:1110:21191:139361:N:0:1;size=4;	e02f30938c4249055fbb9bb66e41202a1e18fce8;Capitellidae	100.000	312	0	0	1	312	1	312	1.70e-165	577
M02215:3:000000000-B9JT7:1:1110:21462:42631:N:0:1;size=2;	882bcbeccf43f6ad24cd4dddc65e79df5feeaa78;Bathycoccus	98.802	334	4	0	1	334	3	336	4.69e-171	595
M02215:3:000000000-B9JT7:1:1110:24157:211061:N:0:1;size=2;	14e21ec9b37d5162dc34cd67d5d5b38e896ff4af;Bathycoccus	100.000	313	0	0	1	313	1	313	4.75e-166	579
M02215:3:000000000-B9JT7:1:1110:24402:79531:N:0:1;size=2;	135564e9c33f7abcb19bbdbfc571af0ea2c77f82;Pedospumella	100.000	313	0	0	1	313	1	313	4.75e-166	579
M02215:3:000000000-B9JT7:1:1110:25062:123081:N:0:1;size=2;	74bd536a982117e99a75e40240e0e3b1b1f81a5c;Triparma	100.000	313	0	0	1	313	1	313	4.75e-166	579
M02215:3:000000000-B9JT7:1:1110:25631:213521:N:0:1;size=2;	d92752cfdd8fd1a32b49db69adb3e1e7a3b4e8cc;Cyclotella	99.361	313	2	0	1	313	1	313	1.03e-162	568
M02215:3:000000000-B9JT7:1:1110:26679:211121:N:0:1;size=2;	882bcbeccf43f6ad24cd4dddc65e79df5feeaa78;Bathycoccus	98.214	336	6	0	1	336	1	336	7.63e-169	588
M02215:3:000000000-B9JT7:1:1110:3412:135191:N:0:1;size=2;	a64ab751b69ad1c2dc45814951dd0b3fce5c88aa;Micromonas	100.000	312	0	0	2	313	2	313	1.71e-165	577
M02215:3:000000000-B9JT7:1:1110:4440:210331:N:0:1;size=2;	a64ab751b69ad1c2dc45814951dd0b3fce5c88aa;Micromonas	100.000	313	0	0	1	313	1	313	4.56e-166	579
M02215:3:000000000-B9JT7:1:1110:5621:159591:N:0:1;size=2;	b1a34b52e9dbe50cc0e7728a1c7595dcf1351f25;Littorina	100.000	313	0	0	1	313	1	313	4.75e-166	579
M02215:3:000000000-B9JT7:1:1110:9093:230141:N:0:1;size=2;	5ae1341da7ed3b29f88201563c85b12b0112a65a;Minutocellus	100.000	313	0	0	1	313	1	313	4.75e-166	579
M02215:3:000000000-B9JT7:1:1111:10928:184861:N:0:1;size=2;	b14e192ef4db4138ef5da5fa073aee9196146841;Capitellidae	100.000	313	0	0	1	313	1	313	4.75e-166	579
M02215:3:000000000-B9JT7:1:1111:12324:127421:N:0:1;size=2;	74bd536a982117e99a75e40240e0e3b1b1f81a5c;Triparma	100.000	313	0	0	1	313	1	313	4.75e-166	579
M02215:3:000000000-B9JT7:1:1111:13208:82461:N:0:1;size=2;	12b98cb34776b20c1af3092b34deaa79d36c190a;Maculaura	99.684	316	1	0	1	316	1	316	4.80e-166	579
M02215:3:000000000-B9JT7:1:1111:13283:269871:N:0:1;size=2;	e02f30938c4249055fbb9bb66e41202a1e18fce8;Capitellidae	100.000	312	0	0	1	312	1	312	1.70e-165	577
M02215:3:000000000-B9JT7:1:1111:14246:31581:N:0:1;size=2;	bc7798d3a55901fe59d6bb982bb5e6ab5a08c019;Holometabola	100.000	313	0	0	1	313	1	313	4.75e-166	579
M02215:3:000000000-B9JT7:1:1111:14586:67331:N:0:1;size=2;	b1a34b52e9dbe50cc0e7728a1c7595dcf1351f25;Littorina	100.000	313	0	0	1	313	1	313	4.67e-166	579
M02215:3:000000000-B9JT7:1:1111:14763:42311:N:0:1;size=4;	12b98cb34776b20c1af3092b34deaa79d36c190a;Maculaura	99.684	316	1	0	1	316	1	316	4.75e-166	579
M02215:3:000000000-B9JT7:1:1111:15855:257691:N:0:1;size=2;	e02f30938c4249055fbb9bb66e41202a1e18fce8;Capitellidae	100.000	312	0	0	1	312	1	312	1.70e-165	577
M02215:3:000000000-B9JT7:1:1111:18717:152561:N:0:1;size=2;	5ae1341da7ed3b29f88201563c85b12b0112a65a;Minutocellus	100.000	313	0	0	1	313	1	313	4.75e-166	579
M02215:3:000000000-B9JT7:1:1111:20892:274251:N:0:1;size=2;	b14e192ef4db4138ef5da5fa073aee9196146841;Capitellidae	100.000	313	0	0	1	313	1	313	4.75e-166	579
M02215:3:000000000-B9JT7:1:1111:21118:197451:N:0:1;size=2;	94b1c919a4b759036c524566c1207f22fa4d40c9;Phaeocystis	100.000	313	0	0	1	313	1	313	4.75e-166	579
M02215:3:000000000-B9JT7:1:1111:21157:193231:N:0:1;size=2;	b1a34b52e9dbe50cc0e7728a1c7595dcf1351f25;Littorina	100.000	313	0	0	1	313	1	313	4.61e-166	579
M02215:3:000000000-B9JT7:1:1111:23348:73611:N:0:1;size=2;	d92752cfdd8fd1a32b49db69adb3e1e7a3b4e8cc;Cyclotella	99.361	313	2	0	1	313	1	313	1.03e-162	568
M02215:3:000000000-B9JT7:1:1111:4919:114711:N:0:1;size=2;	12b98cb34776b20c1af3092b34deaa79d36c190a;Maculaura	99.684	316	1	0	1	316	1	316	4.80e-166	579
M02215:3:000000000-B9JT7:1:1111:5213:104321:N:0:1;size=6;	12b98cb34776b20c1af3092b34deaa79d36c190a;Maculaura	99.684	316	1	0	1	316	1	316	4.80e-166	579
M02215:3:000000000-B9JT7:1:1111:6228:98431:N:0:1;size=2;	12b98cb34776b20c1af3092b34deaa79d36c190a;Maculaura	99.684	316	1	0	1	316	1	316	4.75e-166	579
M02215:3:000000000-B9JT7:1:1111:8556:161211:N:0:1;size=2;	a4c5abb6f8cf3f8e1f96fcd812149a53baef88bd;Micromonas	99.361	313	2	0	1	313	1	313	1.03e-162	568
M02215:3:000000000-B9JT7:1:1111:8671:87041:N:0:1;size=2;	74bd536a982117e99a75e40240e0e3b1b1f81a5c;Triparma	100.000	313	0	0	1	313	1	313	4.75e-166	579
M02215:3:000000000-B9JT7:1:1111:9880:270651:N:0:1;size=2;	a68693b3043b9d50a8c7e70db541da55c9a7d24d;Pseudocalanus	99.681	313	1	0	1	313	1	313	2.19e-164	573
M02215:3:000000000-B9JT7:1:1111:9951:217791:N:0:1;size=2;	a64ab751b69ad1c2dc45814951dd0b3fce5c88aa;Micromonas	99.361	313	2	0	1	313	1	313	1.03e-162	568
M02215:3:000000000-B9JT7:1:1112:11785:126011:N:0:1;size=2;	882bcbeccf43f6ad24cd4dddc65e79df5feeaa78;Bathycoccus	98.214	336	6	0	1	336	1	336	7.90e-169	588
M02215:3:000000000-B9JT7:1:1112:11843:282581:N:0:1;size=2;	882bcbeccf43f6ad24cd4dddc65e79df5feeaa78;Bathycoccus	98.485	330	5	0	1	330	1	330	3.67e-167	582
M02215:3:000000000-B9JT7:1:1112:12713:29211:N:0:1;size=2;	d92752cfdd8fd1a32b49db69adb3e1e7a3b4e8cc;Cyclotella	99.361	313	2	0	1	313	1	313	1.03e-162	568
M02215:3:000000000-B9JT7:1:1112:12852:189711:N:0:1;size=2;	b1a34b52e9dbe50cc0e7728a1c7595dcf1351f25;Littorina	100.000	313	0	0	1	313	1	313	4.75e-166	579
M02215:3:000000000-B9JT7:1:1112:13633:213901:N:0:1;size=2;	d92752cfdd8fd1a32b49db69adb3e1e7a3b4e8cc;Cyclotella	99.679	312	1	0	1	312	1	312	7.95e-164	571
M02215:3:000000000-B9JT7:1:1112:13870:139811:N:0:1;size=2;	d92752cfdd8fd1a32b49db69adb3e1e7a3b4e8cc;Cyclotella	99.681	313	1	0	1	313	1	313	2.21e-164	573
M02215:3:000000000-B9JT7:1:1112:14779:34301:N:0:1;size=2;	6ab38eefaca96b58db2889ba8b9dcd7048db36a0;Bathycoccus	88.215	297	35	0	1	297	1	297	8.72e-99	355
M02215:3:000000000-B9JT7:1:1112:19768:156091:N:0:1;size=2;	954c2d6a54f3a580cb8173b46bb5997143517f0e;Bathycoccus	95.192	312	15	0	2	313	2	313	1.77e-140	494
M02215:3:000000000-B9JT7:1:1112:2018:156871:N:0:1;size=2;	6f98e637735b187cd156c79b8f022a0bc63d5fc5;Micromonas	99.681	313	1	0	1	313	1	313	2.21e-164	573
M02215:3:000000000-B9JT7:1:1112:20404:171361:N:0:1;size=2;	a64ab751b69ad1c2dc45814951dd0b3fce5c88aa;Micromonas	100.000	312	0	0	2	313	2	313	1.71e-165	577
M02215:3:000000000-B9JT7:1:1112:27663:142141:N:0:1;size=2;	32162e451e12cdf5cf3628007e99b0efa1ba946b;Phaeocystis	100.000	313	0	0	1	313	1	313	4.75e-166	579
M02215:3:000000000-B9JT7:1:1112:28665:202281:N:0:1;size=2;	d92752cfdd8fd1a32b49db69adb3e1e7a3b4e8cc;Cyclotella	99.681	313	1	0	1	313	1	313	2.21e-164	573
M02215:3:000000000-B9JT7:1:1112:28792:187971:N:0:1;size=2;	d92752cfdd8fd1a32b49db69adb3e1e7a3b4e8cc;Cyclotella	99.681	313	1	0	1	313	1	313	2.21e-164	573
M02215:3:000000000-B9JT7:1:1112:4057:89101:N:0:1;size=2;	e02f30938c4249055fbb9bb66e41202a1e18fce8;Capitellidae	100.000	312	0	0	1	312	1	312	1.70e-165	577
M02215:3:000000000-B9JT7:1:1112:5476:185811:N:0:1;size=2;	e02f30938c4249055fbb9bb66e41202a1e18fce8;Capitellidae	100.000	312	0	0	1	312	1	312	1.70e-165	577
M02215:3:000000000-B9JT7:1:1112:9832:176321:N:0:1;size=2;	c97e203113b40b77e44612c1d6e835474a9ddfac;Bathycoccus	100.000	313	0	0	1	313	1	313	4.43e-166	579
M02215:3:000000000-B9JT7:1:1112:9891:192381:N:0:1;size=2;	74bd536a982117e99a75e40240e0e3b1b1f81a5c;Triparma	100.000	313	0	0	1	313	1	313	4.75e-166	579
M02215:3:000000000-B9JT7:1:1113:11474:64921:N:0:1;size=2;	5ae1341da7ed3b29f88201563c85b12b0112a65a;Minutocellus	100.000	313	0	0	1	313	1	313	4.71e-166	579
M02215:3:000000000-B9JT7:1:1113:12658:35651:N:0:1;size=2;	882bcbeccf43f6ad24cd4dddc65e79df5feeaa78;Bathycoccus	98.214	336	6	0	1	336	1	336	7.82e-169	588
M02215:3:000000000-B9JT7:1:1113:17072:166171:N:0:1;size=2;	a64ab751b69ad1c2dc45814951dd0b3fce5c88aa;Micromonas	100.000	313	0	0	1	313	1	313	4.65e-166	579
M02215:3:000000000-B9JT7:1:1113:19246:268831:N:0:1;size=2;	a68693b3043b9d50a8c7e70db541da55c9a7d24d;Pseudocalanus	99.681	313	1	0	1	313	1	313	2.21e-164	573
M02215:3:000000000-B9JT7:1:1113:24813:199471:N:0:1;size=2;	ec648dd8f07e687f8887f006f05d9740edf238ee;Bathycoccus	98.403	313	5	0	1	313	1	313	1.04e-157	551
M02215:3:000000000-B9JT7:1:1113:5590:196281:N:0:1;size=2;	a64ab751b69ad1c2dc45814951dd0b3fce5c88aa;Micromonas	100.000	313	0	0	1	313	1	313	4.75e-166	579
M02215:3:000000000-B9JT7:1:1113:7176:233101:N:0:1;size=2;	b14e192ef4db4138ef5da5fa073aee9196146841;Capitellidae	100.000	313	0	0	1	313	1	313	4.75e-166	579
M02215:3:000000000-B9JT7:1:1113:7229:100921:N:0:1;size=2;	e02f30938c4249055fbb9bb66e41202a1e18fce8;Capitellidae	100.000	312	0	0	1	312	1	312	1.70e-165	577
M02215:3:000000000-B9JT7:1:1114:11466:269801:N:0:1;size=2;	e02f30938c4249055fbb9bb66e41202a1e18fce8;Capitellidae	100.000	312	0	0	1	312	1	312	1.70e-165	577
M02215:3:000000000-B9JT7:1:1114:18585:158801:N:0:1;size=2;	a68693b3043b9d50a8c7e70db541da55c9a7d24d;Pseudocalanus	99.681	313	1	0	1	313	1	313	2.21e-164	573
M02215:3:000000000-B9JT7:1:1114:19438:28841:N:0:1;size=2;	12b98cb34776b20c1af3092b34deaa79d36c190a;Maculaura	99.684	316	1	0	1	316	1	316	4.80e-166	579
M02215:3:000000000-B9JT7:1:1114:19712:187641:N:0:1;size=2;	2c718e342b9804ce41d921e9a60c98da430c87c5;Macrocystis	96.117	309	12	0	1	309	1	309	8.18e-144	505
M02215:3:000000000-B9JT7:1:1114:21515:175121:N:0:1;size=2;	ecbcc3bd709776326a720729ad74c020c160aa3a;Chlorella	100.000	313	0	0	1	313	1	313	4.75e-166	579
M02215:3:000000000-B9JT7:1:1114:5285:70411:N:0:1;size=2;	74bd536a982117e99a75e40240e0e3b1b1f81a5c;Triparma	100.000	313	0	0	1	313	1	313	4.75e-166	579
M02215:3:000000000-B9JT7:1:1114:7819:183781:N:0:1;size=4;	a64ab751b69ad1c2dc45814951dd0b3fce5c88aa;Micromonas	100.000	313	0	0	1	313	1	313	4.65e-166	579
M02215:3:000000000-B9JT7:1:2101:19291:116401:N:0:1;size=2;	cc641d3be8658bf309461ade2f85466110d635ba;bacterium	100.000	313	0	0	1	313	1	313	4.75e-166	579
M02215:3:000000000-B9JT7:1:2101:6906:207381:N:0:1;size=2;	bc7798d3a55901fe59d6bb982bb5e6ab5a08c019;Holometabola	100.000	313	0	0	1	313	1	313	4.75e-166	579
M02215:3:000000000-B9JT7:1:2101:9054:85901:N:0:1;size=2;	a64ab751b69ad1c2dc45814951dd0b3fce5c88aa;Micromonas	100.000	313	0	0	1	313	1	313	4.43e-166	579
M02215:3:000000000-B9JT7:1:2102:10472:242341:N:0:1;size=2;	a68693b3043b9d50a8c7e70db541da55c9a7d24d;Pseudocalanus	99.361	313	2	0	1	313	1	313	1.03e-162	568
M02215:3:000000000-B9JT7:1:2102:13625:85751:N:0:1;size=2;	6f98e637735b187cd156c79b8f022a0bc63d5fc5;Micromonas	100.000	313	0	0	1	313	1	313	4.75e-166	579
M02215:3:000000000-B9JT7:1:2102:17288:136291:N:0:1;size=2;	b57949f2759ef72fe986ab28e641f624ddef6661;Chordariaceae	100.000	313	0	0	1	313	1	313	4.75e-166	579
M02215:3:000000000-B9JT7:1:2102:18497:97721:N:0:1;size=2;	e02f30938c4249055fbb9bb66e41202a1e18fce8;Capitellidae	100.000	312	0	0	1	312	1	312	1.70e-165	577
M02215:3:000000000-B9JT7:1:2102:19581:43891:N:0:1;size=2;	a68693b3043b9d50a8c7e70db541da55c9a7d24d;Pseudocalanus	99.361	313	2	0	1	313	1	313	1.03e-162	568
M02215:3:000000000-B9JT7:1:2102:23458:231691:N:0:1;size=2;	12b98cb34776b20c1af3092b34deaa79d36c190a;Maculaura	99.684	316	1	0	1	316	1	316	4.80e-166	579
M02215:3:000000000-B9JT7:1:2102:8954:251701:N:0:1;size=2;	bc7798d3a55901fe59d6bb982bb5e6ab5a08c019;Holometabola	100.000	313	0	0	1	313	1	313	4.75e-166	579
M02215:3:000000000-B9JT7:1:2103:15052:269661:N:0:1;size=2;	b1a34b52e9dbe50cc0e7728a1c7595dcf1351f25;Littorina	100.000	313	0	0	1	313	1	313	4.36e-166	579
M02215:3:000000000-B9JT7:1:2103:18295:180441:N:0:1;size=2;	74bd536a982117e99a75e40240e0e3b1b1f81a5c;Triparma	100.000	313	0	0	1	313	1	313	4.75e-166	579
M02215:3:000000000-B9JT7:1:2103:22957:138931:N:0:1;size=2;	5ae1341da7ed3b29f88201563c85b12b0112a65a;Minutocellus	100.000	313	0	0	1	313	1	313	4.75e-166	579
M02215:3:000000000-B9JT7:1:2103:27149:155331:N:0:1;size=2;	a68693b3043b9d50a8c7e70db541da55c9a7d24d;Pseudocalanus	99.681	313	1	0	1	313	1	313	2.21e-164	573
M02215:3:000000000-B9JT7:1:2103:5898:133221:N:0:1;size=2;	b14e192ef4db4138ef5da5fa073aee9196146841;Capitellidae	100.000	313	0	0	1	313	1	313	4.75e-166	579
M02215:3:000000000-B9JT7:1:2103:6296:247841:N:0:1;size=2;	74bd536a982117e99a75e40240e0e3b1b1f81a5c;Triparma	100.000	313	0	0	1	313	1	313	4.75e-166	579
M02215:3:000000000-B9JT7:1:2103:6410:227521:N:0:1;size=2;	12b98cb34776b20c1af3092b34deaa79d36c190a;Maculaura	99.684	316	1	0	1	316	1	316	4.80e-166	579
M02215:3:000000000-B9JT7:1:2104:17624:132931:N:0:1;size=2;	d92752cfdd8fd1a32b49db69adb3e1e7a3b4e8cc;Cyclotella	99.681	313	1	0	1	313	1	313	2.08e-164	573
M02215:3:000000000-B9JT7:1:2104:17975:175631:N:0:1;size=2;	d92752cfdd8fd1a32b49db69adb3e1e7a3b4e8cc;Cyclotella	99.361	313	2	0	1	313	1	313	1.03e-162	568
M02215:3:000000000-B9JT7:1:2104:18601:94131:N:0:1;size=2;	882bcbeccf43f6ad24cd4dddc65e79df5feeaa78;Bathycoccus	98.489	331	4	1	2	332	2	331	3.67e-167	582
M02215:3:000000000-B9JT7:1:2104:18671:86481:N:0:1;size=2;	95a548e3fe850456ebf1ce3a636f9708371e35b1;Micromonas	90.705	312	29	0	1	312	1	312	3.91e-117	416
M02215:3:000000000-B9JT7:1:2104:19627:273301:N:0:1;size=2;	882bcbeccf43f6ad24cd4dddc65e79df5feeaa78;Bathycoccus	99.091	330	3	0	1	330	1	330	1.70e-170	593
M02215:3:000000000-B9JT7:1:2104:19971:286601:N:0:1;size=2;	ecbcc3bd709776326a720729ad74c020c160aa3a;Chlorella	100.000	313	0	0	1	313	1	313	4.75e-166	579
M02215:3:000000000-B9JT7:1:2104:26657:174961:N:0:1;size=2;	882bcbeccf43f6ad24cd4dddc65e79df5feeaa78;Bathycoccus	99.091	330	3	0	1	330	1	330	1.70e-170	593
M02215:3:000000000-B9JT7:1:2105:15678:143711:N:0:1;size=2;	12b98cb34776b20c1af3092b34deaa79d36c190a;Maculaura	99.684	316	1	0	1	316	1	316	4.80e-166	579
M02215:3:000000000-B9JT7:1:2105:20213:225111:N:0:1;size=2;	b14e192ef4db4138ef5da5fa073aee9196146841;Capitellidae	100.000	313	0	0	1	313	1	313	4.75e-166	579
M02215:3:000000000-B9JT7:1:2105:20544:277411:N:0:1;size=2;	ec648dd8f07e687f8887f006f05d9740edf238ee;Bathycoccus	98.403	313	5	0	1	313	1	313	1.04e-157	551
M02215:3:000000000-B9JT7:1:2105:22582:210521:N:0:1;size=2;	e02f30938c4249055fbb9bb66e41202a1e18fce8;Capitellidae	100.000	312	0	0	1	312	1	312	1.70e-165	577
M02215:3:000000000-B9JT7:1:2105:24631:199021:N:0:1;size=2;	12b98cb34776b20c1af3092b34deaa79d36c190a;Maculaura	99.684	316	1	0	1	316	1	316	4.80e-166	579
M02215:3:000000000-B9JT7:1:2105:24728:155671:N:0:1;size=2;	882bcbeccf43f6ad24cd4dddc65e79df5feeaa78;Bathycoccus	98.810	336	4	0	1	336	1	336	3.65e-172	599
M02215:3:000000000-B9JT7:1:2105:25442:206591:N:0:1;size=2;	d92752cfdd8fd1a32b49db69adb3e1e7a3b4e8cc;Cyclotella	99.681	313	1	0	1	313	1	313	2.21e-164	573
M02215:3:000000000-B9JT7:1:2106:13919:65931:N:0:1;size=2;	f8cc939e969331c93d31ef139a62816b20d1e395;Phytophthora	100.000	313	0	0	1	313	1	313	4.71e-166	579
M02215:3:000000000-B9JT7:1:2106:16126:236861:N:0:1;size=2;	b14e192ef4db4138ef5da5fa073aee9196146841;Capitellidae	100.000	313	0	0	1	313	1	313	4.75e-166	579
M02215:3:000000000-B9JT7:1:2106:17426:269681:N:0:1;size=2;	882bcbeccf43f6ad24cd4dddc65e79df5feeaa78;Bathycoccus	98.788	330	4	0	1	330	1	330	7.90e-169	588
M02215:3:000000000-B9JT7:1:2106:22157:133621:N:0:1;size=2;	cc31829956f99898e6346ea28c395954ce5c56a9;Chaetoceros	100.000	313	0	0	1	313	1	313	4.75e-166	579
M02215:3:000000000-B9JT7:1:2106:23660:231011:N:0:1;size=2;	bc7798d3a55901fe59d6bb982bb5e6ab5a08c019;Holometabola	100.000	313	0	0	1	313	1	313	4.71e-166	579
M02215:3:000000000-B9JT7:1:2106:5723:222531:N:0:1;size=2;	a68693b3043b9d50a8c7e70db541da55c9a7d24d;Pseudocalanus	99.361	313	2	0	1	313	1	313	1.03e-162	568
M02215:3:000000000-B9JT7:1:2107:10275:259351:N:0:1;size=2;	d92752cfdd8fd1a32b49db69adb3e1e7a3b4e8cc;Cyclotella	99.681	313	1	0	1	313	1	313	2.15e-164	573
M02215:3:000000000-B9JT7:1:2107:12756:93941:N:0:1;size=2;	d92752cfdd8fd1a32b49db69adb3e1e7a3b4e8cc;Cyclotella	99.361	313	2	0	1	313	1	313	1.03e-162	568
M02215:3:000000000-B9JT7:1:2107:13716:266241:N:0:1;size=2;	a4c5abb6f8cf3f8e1f96fcd812149a53baef88bd;Micromonas	95.208	313	15	0	1	313	1	313	4.92e-141	496
M02215:3:000000000-B9JT7:1:2107:16436:230871:N:0:1;size=2;	954c2d6a54f3a580cb8173b46bb5997143517f0e;Bathycoccus	95.192	312	15	0	2	313	2	313	1.77e-140	494
M02215:3:000000000-B9JT7:1:2107:23937:131991:N:0:1;size=2;	882bcbeccf43f6ad24cd4dddc65e79df5feeaa78;Bathycoccus	99.091	330	3	0	1	330	1	330	1.68e-170	593
M02215:3:000000000-B9JT7:1:2107:24627:177721:N:0:1;size=2;	12b98cb34776b20c1af3092b34deaa79d36c190a;Maculaura	99.684	316	1	0	1	316	1	316	4.80e-166	579
M02215:3:000000000-B9JT7:1:2107:9509:40141:N:0:1;size=2;	d92752cfdd8fd1a32b49db69adb3e1e7a3b4e8cc;Cyclotella	99.681	313	1	0	1	313	1	313	2.18e-164	573
M02215:3:000000000-B9JT7:1:2108:10063:195651:N:0:1;size=2;	b14e192ef4db4138ef5da5fa073aee9196146841;Capitellidae	100.000	313	0	0	1	313	1	313	4.75e-166	579
M02215:3:000000000-B9JT7:1:2108:14439:91481:N:0:1;size=2;	882bcbeccf43f6ad24cd4dddc65e79df5feeaa78;Bathycoccus	98.485	330	5	0	1	330	1	330	3.67e-167	582
M02215:3:000000000-B9JT7:1:2108:15667:240671:N:0:1;size=2;	ecbcc3bd709776326a720729ad74c020c160aa3a;Chlorella	100.000	313	0	0	1	313	1	313	4.75e-166	579
M02215:3:000000000-B9JT7:1:2108:18540:206741:N:0:1;size=2;	a4c5abb6f8cf3f8e1f96fcd812149a53baef88bd;Micromonas	96.805	313	10	0	1	313	1	313	2.26e-149	523
M02215:3:000000000-B9JT7:1:2108:20300:149531:N:0:1;size=2;	a68693b3043b9d50a8c7e70db541da55c9a7d24d;Pseudocalanus	99.681	313	1	0	1	313	1	313	2.19e-164	573
M02215:3:000000000-B9JT7:1:2108:7877:50631:N:0:1;size=2;	d92752cfdd8fd1a32b49db69adb3e1e7a3b4e8cc;Cyclotella	99.361	313	2	0	1	313	1	313	1.03e-162	568
M02215:3:000000000-B9JT7:1:2109:15388:85181:N:0:1;size=2;	74bd536a982117e99a75e40240e0e3b1b1f81a5c;Triparma	100.000	313	0	0	1	313	1	313	4.75e-166	579
M02215:3:000000000-B9JT7:1:2109:15513:251871:N:0:1;size=2;	d92752cfdd8fd1a32b49db69adb3e1e7a3b4e8cc;Cyclotella	99.681	313	1	0	1	313	1	313	2.21e-164	573
M02215:3:000000000-B9JT7:1:2109:17049:216151:N:0:1;size=2;	d92752cfdd8fd1a32b49db69adb3e1e7a3b4e8cc;Cyclotella	99.681	313	1	0	1	313	1	313	2.14e-164	573
M02215:3:000000000-B9JT7:1:2109:17973:34421:N:0:1;size=2;	a64ab751b69ad1c2dc45814951dd0b3fce5c88aa;Micromonas	100.000	313	0	0	1	313	1	313	4.67e-166	579
M02215:3:000000000-B9JT7:1:2109:20241:58991:N:0:1;size=2;	a64ab751b69ad1c2dc45814951dd0b3fce5c88aa;Micromonas	100.000	313	0	0	1	313	1	313	4.61e-166	579
M02215:3:000000000-B9JT7:1:2109:22325:204361:N:0:1;size=2;	52ac6f8082f0cfa8b07863f388b5c15ef1ccb145;Micromonas	100.000	313	0	0	1	313	1	313	4.75e-166	579
M02215:3:000000000-B9JT7:1:2109:26513:101301:N:0:1;size=2;	32162e451e12cdf5cf3628007e99b0efa1ba946b;Phaeocystis	100.000	313	0	0	1	313	1	313	4.75e-166	579
M02215:3:000000000-B9JT7:1:2110:12744:256301:N:0:1;size=2;	d92752cfdd8fd1a32b49db69adb3e1e7a3b4e8cc;Cyclotella	99.681	313	1	0	1	313	1	313	2.21e-164	573
M02215:3:000000000-B9JT7:1:2110:17314:190271:N:0:1;size=2;	b1a34b52e9dbe50cc0e7728a1c7595dcf1351f25;Littorina	100.000	313	0	0	1	313	1	313	4.59e-166	579
M02215:3:000000000-B9JT7:1:2110:18542:96781:N:0:1;size=2;	ecbcc3bd709776326a720729ad74c020c160aa3a;Chlorella	100.000	313	0	0	1	313	1	313	4.75e-166	579
M02215:3:000000000-B9JT7:1:2110:20776:206551:N:0:1;size=2;	74bd536a982117e99a75e40240e0e3b1b1f81a5c;Triparma	100.000	313	0	0	1	313	1	313	4.75e-166	579
M02215:3:000000000-B9JT7:1:2110:24610:166541:N:0:1;size=2;	ecbcc3bd709776326a720729ad74c020c160aa3a;Chlorella	100.000	313	0	0	1	313	1	313	4.75e-166	579
M02215:3:000000000-B9JT7:1:2111:12434:91531:N:0:1;size=2;	74bd536a982117e99a75e40240e0e3b1b1f81a5c;Triparma	100.000	313	0	0	1	313	1	313	4.75e-166	579
M02215:3:000000000-B9JT7:1:2111:22365:160081:N:0:1;size=2;	12b98cb34776b20c1af3092b34deaa79d36c190a;Maculaura	99.684	316	1	0	1	316	1	316	4.75e-166	579
M02215:3:000000000-B9JT7:1:2112:18339:87161:N:0:1;size=2;	bc7798d3a55901fe59d6bb982bb5e6ab5a08c019;Holometabola	100.000	313	0	0	1	313	1	313	4.75e-166	579
M02215:3:000000000-B9JT7:1:2112:20676:275291:N:0:1;size=2;	78b880f37ed714f8b7edf956b8bef2eb6378b704;Aphanomyces	91.148	305	25	2	1	304	1	304	4.96e-116	412
M02215:3:000000000-B9JT7:1:2113:4430:127971:N:0:1;size=2;	ecbcc3bd709776326a720729ad74c020c160aa3a;Chlorella	100.000	313	0	0	1	313	1	313	4.75e-166	579
M02215:3:000000000-B9JT7:1:2114:20351:131451:N:0:1;size=2;	b14e192ef4db4138ef5da5fa073aee9196146841;Capitellidae	100.000	313	0	0	1	313	1	313	4.75e-166	579
