M02215:3:000000000-B9JT7:1:1104:14442:222081:N:0:1;size=6;	d92752cfdd8fd1a32b49db69adb3e1e7a3b4e8cc;Cyclotella	99.681	313	1	0	1	313	1	313	2.12e-164	573
M02215:3:000000000-B9JT7:1:1102:5996:188911:N:0:1;size=7;	882bcbeccf43f6ad24cd4dddc65e79df5feeaa78;Bathycoccus	99.088	329	3	0	1	329	1	329	5.75e-170	592
M02215:3:000000000-B9JT7:1:1101:10194:179361:N:0:1;size=9;	d92752cfdd8fd1a32b49db69adb3e1e7a3b4e8cc;Cyclotella	99.681	313	1	0	1	313	1	313	2.19e-164	573
M02215:3:000000000-B9JT7:1:1101:28046:166061:N:0:1;size=4;	882bcbeccf43f6ad24cd4dddc65e79df5feeaa78;Bathycoccus	98.788	330	4	0	1	330	1	330	7.90e-169	588
M02215:3:000000000-B9JT7:1:1101:9144:53101:N:0:1;size=19;	d92752cfdd8fd1a32b49db69adb3e1e7a3b4e8cc;Cyclotella	99.681	313	1	0	1	313	1	313	2.18e-164	573
M02215:3:000000000-B9JT7:1:1103:11972:27641:N:0:1;size=16;	882bcbeccf43f6ad24cd4dddc65e79df5feeaa78;Bathycoccus	99.091	330	3	0	1	330	1	330	1.65e-170	593
M02215:3:000000000-B9JT7:1:1107:17371:99391:N:0:1;size=6;	882bcbeccf43f6ad24cd4dddc65e79df5feeaa78;Bathycoccus	98.810	336	4	0	1	336	1	336	3.65e-172	599
M02215:3:000000000-B9JT7:1:1101:11560:275701:N:0:1;size=3;	a64ab751b69ad1c2dc45814951dd0b3fce5c88aa;Micromonas	100.000	313	0	0	1	313	1	313	4.65e-166	579
M02215:3:000000000-B9JT7:1:1101:12163:83581:N:0:1;size=5;	882bcbeccf43f6ad24cd4dddc65e79df5feeaa78;Bathycoccus	99.091	330	3	0	1	330	1	330	1.70e-170	593
M02215:3:000000000-B9JT7:1:1101:15086:154811:N:0:1;size=8;	882bcbeccf43f6ad24cd4dddc65e79df5feeaa78;Bathycoccus	99.091	330	3	0	1	330	1	330	1.63e-170	593
M02215:3:000000000-B9JT7:1:1101:26635:139201:N:0:1;size=3;	882bcbeccf43f6ad24cd4dddc65e79df5feeaa78;Bathycoccus	98.795	332	3	1	1	332	1	331	2.20e-169	590
M02215:3:000000000-B9JT7:1:1102:20903:81341:N:0:1;size=13;	d92752cfdd8fd1a32b49db69adb3e1e7a3b4e8cc;Cyclotella	99.681	313	1	0	1	313	1	313	2.21e-164	573
M02215:3:000000000-B9JT7:1:1102:21590:114991:N:0:1;size=3;	882bcbeccf43f6ad24cd4dddc65e79df5feeaa78;Bathycoccus	98.512	336	5	0	1	336	1	336	1.68e-170	593
M02215:3:000000000-B9JT7:1:1103:27735:102191:N:0:1;size=3;	a64ab751b69ad1c2dc45814951dd0b3fce5c88aa;Micromonas	100.000	313	0	0	1	313	1	313	4.69e-166	579
M02215:3:000000000-B9JT7:1:1104:22425:139171:N:0:1;size=3;	74bd536a982117e99a75e40240e0e3b1b1f81a5c;Triparma	100.000	313	0	0	1	313	1	313	4.75e-166	579
M02215:3:000000000-B9JT7:1:1105:26300:110881:N:0:1;size=3;	d92752cfdd8fd1a32b49db69adb3e1e7a3b4e8cc;Cyclotella	99.681	313	1	0	1	313	1	313	2.19e-164	573
M02215:3:000000000-B9JT7:1:1105:4900:100071:N:0:1;size=3;	a64ab751b69ad1c2dc45814951dd0b3fce5c88aa;Micromonas	100.000	313	0	0	1	313	1	313	4.62e-166	579
M02215:3:000000000-B9JT7:1:1106:21633:156141:N:0:1;size=9;	882bcbeccf43f6ad24cd4dddc65e79df5feeaa78;Bathycoccus	98.810	336	4	0	1	336	1	336	3.65e-172	599
M02215:3:000000000-B9JT7:1:1106:29029:189641:N:0:1;size=3;	d92752cfdd8fd1a32b49db69adb3e1e7a3b4e8cc;Cyclotella	99.681	313	1	0	1	313	1	313	2.14e-164	573
M02215:3:000000000-B9JT7:1:1106:4915:103711:N:0:1;size=3;	882bcbeccf43f6ad24cd4dddc65e79df5feeaa78;Bathycoccus	99.091	330	3	0	1	330	1	330	1.66e-170	593
M02215:3:000000000-B9JT7:1:1107:12697:180841:N:0:1;size=7;	d92752cfdd8fd1a32b49db69adb3e1e7a3b4e8cc;Cyclotella	99.681	313	1	0	1	313	1	313	2.21e-164	573
M02215:3:000000000-B9JT7:1:1107:4997:91981:N:0:1;size=5;	882bcbeccf43f6ad24cd4dddc65e79df5feeaa78;Bathycoccus	98.810	336	4	0	1	336	1	336	3.65e-172	599
M02215:3:000000000-B9JT7:1:1108:5806:160311:N:0:1;size=3;	882bcbeccf43f6ad24cd4dddc65e79df5feeaa78;Bathycoccus	98.788	330	4	0	1	330	1	330	7.90e-169	588
M02215:3:000000000-B9JT7:1:1108:8246:208811:N:0:1;size=3;	d92752cfdd8fd1a32b49db69adb3e1e7a3b4e8cc;Cyclotella	99.681	313	1	0	1	313	1	313	2.21e-164	573
M02215:3:000000000-B9JT7:1:1108:9801:102841:N:0:1;size=3;	d92752cfdd8fd1a32b49db69adb3e1e7a3b4e8cc;Cyclotella	99.681	313	1	0	1	313	1	313	2.21e-164	573
M02215:3:000000000-B9JT7:1:1109:21175:25431:N:0:1;size=5;	b1a34b52e9dbe50cc0e7728a1c7595dcf1351f25;Littorina	100.000	313	0	0	1	313	1	313	4.69e-166	579
M02215:3:000000000-B9JT7:1:1109:3406:197621:N:0:1;size=3;	d92752cfdd8fd1a32b49db69adb3e1e7a3b4e8cc;Cyclotella	99.681	313	1	0	1	313	1	313	2.21e-164	573
M02215:3:000000000-B9JT7:1:1110:22484:115711:N:0:1;size=3;	b1a34b52e9dbe50cc0e7728a1c7595dcf1351f25;Littorina	100.000	313	0	0	1	313	1	313	4.56e-166	579
M02215:3:000000000-B9JT7:1:1110:24384:97971:N:0:1;size=3;	882bcbeccf43f6ad24cd4dddc65e79df5feeaa78;Bathycoccus	99.390	328	2	0	1	328	1	328	4.43e-171	595
M02215:3:000000000-B9JT7:1:1114:11397:128461:N:0:1;size=3;	d92752cfdd8fd1a32b49db69adb3e1e7a3b4e8cc;Cyclotella	99.681	313	1	0	1	313	1	313	2.21e-164	573
M02215:3:000000000-B9JT7:1:1114:4533:77791:N:0:1;size=3;	882bcbeccf43f6ad24cd4dddc65e79df5feeaa78;Bathycoccus	98.810	336	4	0	1	336	1	336	3.65e-172	599
M02215:3:000000000-B9JT7:1:1101:13029:63941:N:0:1;size=6;	d92752cfdd8fd1a32b49db69adb3e1e7a3b4e8cc;Cyclotella	99.681	313	1	0	1	313	1	313	2.19e-164	573
M02215:3:000000000-B9JT7:1:1101:13116:94971:N:0:1;size=2;	d92752cfdd8fd1a32b49db69adb3e1e7a3b4e8cc;Cyclotella	99.681	313	1	0	1	313	1	313	2.19e-164	573
M02215:3:000000000-B9JT7:1:1101:18472:284511:N:0:1;size=2;	882bcbeccf43f6ad24cd4dddc65e79df5feeaa78;Bathycoccus	99.091	330	3	0	1	330	1	330	1.70e-170	593
M02215:3:000000000-B9JT7:1:1101:18783:140681:N:0:1;size=2;	e02f30938c4249055fbb9bb66e41202a1e18fce8;Capitellidae	100.000	312	0	0	1	312	1	312	1.59e-165	577
M02215:3:000000000-B9JT7:1:1101:19404:135931:N:0:1;size=2;	a64ab751b69ad1c2dc45814951dd0b3fce5c88aa;Micromonas	100.000	313	0	0	1	313	1	313	4.75e-166	579
M02215:3:000000000-B9JT7:1:1101:23220:244131:N:0:1;size=2;	882bcbeccf43f6ad24cd4dddc65e79df5feeaa78;Bathycoccus	98.810	336	4	0	1	336	1	336	3.57e-172	599
M02215:3:000000000-B9JT7:1:1101:25333:93011:N:0:1;size=2;	d92752cfdd8fd1a32b49db69adb3e1e7a3b4e8cc;Cyclotella	99.681	313	1	0	1	313	1	313	2.21e-164	573
M02215:3:000000000-B9JT7:1:1101:25894:174131:N:0:1;size=2;	882bcbeccf43f6ad24cd4dddc65e79df5feeaa78;Bathycoccus	98.795	332	3	1	1	332	1	331	2.18e-169	590
M02215:3:000000000-B9JT7:1:1101:7107:215751:N:0:1;size=2;	d92752cfdd8fd1a32b49db69adb3e1e7a3b4e8cc;Cyclotella	99.681	313	1	0	1	313	1	313	2.21e-164	573
M02215:3:000000000-B9JT7:1:1101:8540:103671:N:0:1;size=2;	882bcbeccf43f6ad24cd4dddc65e79df5feeaa78;Bathycoccus	98.529	340	5	0	1	340	1	340	1.01e-172	601
M02215:3:000000000-B9JT7:1:1101:9030:145831:N:0:1;size=2;	d92752cfdd8fd1a32b49db69adb3e1e7a3b4e8cc;Cyclotella	99.681	313	1	0	1	313	1	313	2.21e-164	573
M02215:3:000000000-B9JT7:1:1102:10976:37281:N:0:1;size=4;	d92752cfdd8fd1a32b49db69adb3e1e7a3b4e8cc;Cyclotella	99.681	313	1	0	1	313	1	313	2.18e-164	573
M02215:3:000000000-B9JT7:1:1102:13933:52831:N:0:1;size=2;	d92752cfdd8fd1a32b49db69adb3e1e7a3b4e8cc;Cyclotella	99.361	313	2	0	1	313	1	313	1.02e-162	568
M02215:3:000000000-B9JT7:1:1102:17690:145861:N:0:1;size=2;	882bcbeccf43f6ad24cd4dddc65e79df5feeaa78;Bathycoccus	97.941	340	7	0	1	340	1	340	2.20e-169	590
M02215:3:000000000-B9JT7:1:1102:18732:248521:N:0:1;size=2;	d92752cfdd8fd1a32b49db69adb3e1e7a3b4e8cc;Cyclotella	99.681	313	1	0	1	313	1	313	2.17e-164	573
M02215:3:000000000-B9JT7:1:1102:19660:125981:N:0:1;size=4;	d92752cfdd8fd1a32b49db69adb3e1e7a3b4e8cc;Cyclotella	99.681	313	1	0	1	313	1	313	2.19e-164	573
M02215:3:000000000-B9JT7:1:1102:20532:253581:N:0:1;size=4;	882bcbeccf43f6ad24cd4dddc65e79df5feeaa78;Bathycoccus	98.788	330	4	0	1	330	1	330	7.90e-169	588
M02215:3:000000000-B9JT7:1:1102:20867:258141:N:0:1;size=2;	a64ab751b69ad1c2dc45814951dd0b3fce5c88aa;Micromonas	100.000	313	0	0	1	313	1	313	4.75e-166	579
M02215:3:000000000-B9JT7:1:1102:26168:109341:N:0:1;size=2;	a64ab751b69ad1c2dc45814951dd0b3fce5c88aa;Micromonas	100.000	313	0	0	1	313	1	313	4.75e-166	579
M02215:3:000000000-B9JT7:1:1102:26950:91421:N:0:1;size=2;	b1a34b52e9dbe50cc0e7728a1c7595dcf1351f25;Littorina	100.000	313	0	0	1	313	1	313	4.75e-166	579
M02215:3:000000000-B9JT7:1:1102:4049:94261:N:0:1;size=2;	a64ab751b69ad1c2dc45814951dd0b3fce5c88aa;Micromonas	100.000	313	0	0	1	313	1	313	4.75e-166	579
M02215:3:000000000-B9JT7:1:1102:5258:141161:N:0:1;size=2;	b1a34b52e9dbe50cc0e7728a1c7595dcf1351f25;Littorina	100.000	313	0	0	1	313	1	313	4.71e-166	579
M02215:3:000000000-B9JT7:1:1102:9887:221391:N:0:1;size=2;	882bcbeccf43f6ad24cd4dddc65e79df5feeaa78;Bathycoccus	99.394	330	2	0	1	330	1	330	3.65e-172	599
M02215:3:000000000-B9JT7:1:1103:10280:180391:N:0:1;size=4;	882bcbeccf43f6ad24cd4dddc65e79df5feeaa78;Bathycoccus	98.512	336	5	0	1	336	1	336	1.64e-170	593
M02215:3:000000000-B9JT7:1:1103:22291:101951:N:0:1;size=4;	d92752cfdd8fd1a32b49db69adb3e1e7a3b4e8cc;Cyclotella	99.681	313	1	0	1	313	1	313	2.19e-164	573
M02215:3:000000000-B9JT7:1:1103:26175:161371:N:0:1;size=2;	d92752cfdd8fd1a32b49db69adb3e1e7a3b4e8cc;Cyclotella	99.681	313	1	0	1	313	1	313	2.06e-164	573
M02215:3:000000000-B9JT7:1:1103:27230:124641:N:0:1;size=2;	882bcbeccf43f6ad24cd4dddc65e79df5feeaa78;Bathycoccus	98.795	332	3	1	1	332	1	331	2.20e-169	590
M02215:3:000000000-B9JT7:1:1103:5207:101781:N:0:1;size=2;	d92752cfdd8fd1a32b49db69adb3e1e7a3b4e8cc;Cyclotella	99.681	313	1	0	1	313	1	313	2.21e-164	573
M02215:3:000000000-B9JT7:1:1103:9221:233131:N:0:1;size=2;	b264612d43af5a13d95043e41b1ea19da2844fb9;Centropages	100.000	313	0	0	1	313	1	313	4.75e-166	579
M02215:3:000000000-B9JT7:1:1104:10294:108441:N:0:1;size=2;	d92752cfdd8fd1a32b49db69adb3e1e7a3b4e8cc;Cyclotella	99.681	313	1	0	1	313	1	313	2.21e-164	573
M02215:3:000000000-B9JT7:1:1104:12992:131291:N:0:1;size=2;	882bcbeccf43f6ad24cd4dddc65e79df5feeaa78;Bathycoccus	98.235	340	6	0	1	340	1	340	4.72e-171	595
M02215:3:000000000-B9JT7:1:1104:14354:151821:N:0:1;size=2;	882bcbeccf43f6ad24cd4dddc65e79df5feeaa78;Bathycoccus	98.214	336	6	0	1	336	1	336	7.90e-169	588
M02215:3:000000000-B9JT7:1:1104:15342:23381:N:0:1;size=2;	d92752cfdd8fd1a32b49db69adb3e1e7a3b4e8cc;Cyclotella	99.681	313	1	0	1	313	1	313	2.21e-164	573
M02215:3:000000000-B9JT7:1:1104:20808:71681:N:0:1;size=2;	a64ab751b69ad1c2dc45814951dd0b3fce5c88aa;Micromonas	100.000	313	0	0	1	313	1	313	4.75e-166	579
M02215:3:000000000-B9JT7:1:1104:23050:103531:N:0:1;size=4;	882bcbeccf43f6ad24cd4dddc65e79df5feeaa78;Bathycoccus	98.810	336	4	0	1	336	1	336	3.65e-172	599
M02215:3:000000000-B9JT7:1:1104:26079:107391:N:0:1;size=2;	d92752cfdd8fd1a32b49db69adb3e1e7a3b4e8cc;Cyclotella	99.361	313	2	0	1	313	1	313	1.03e-162	568
M02215:3:000000000-B9JT7:1:1104:26079:70271:N:0:1;size=2;	d92752cfdd8fd1a32b49db69adb3e1e7a3b4e8cc;Cyclotella	99.681	313	1	0	1	313	1	313	2.21e-164	573
M02215:3:000000000-B9JT7:1:1104:3304:109831:N:0:1;size=2;	d92752cfdd8fd1a32b49db69adb3e1e7a3b4e8cc;Cyclotella	99.681	313	1	0	1	313	1	313	2.21e-164	573
M02215:3:000000000-B9JT7:1:1104:6117:92761:N:0:1;size=2;	882bcbeccf43f6ad24cd4dddc65e79df5feeaa78;Bathycoccus	99.091	330	3	0	1	330	1	330	1.70e-170	593
M02215:3:000000000-B9JT7:1:1105:10797:77901:N:0:1;size=2;	d92752cfdd8fd1a32b49db69adb3e1e7a3b4e8cc;Cyclotella	99.681	313	1	0	1	313	1	313	2.21e-164	573
M02215:3:000000000-B9JT7:1:1105:12294:36421:N:0:1;size=2;	882bcbeccf43f6ad24cd4dddc65e79df5feeaa78;Bathycoccus	99.107	336	3	0	1	336	1	336	7.84e-174	604
M02215:3:000000000-B9JT7:1:1105:13672:234081:N:0:1;size=2;	882bcbeccf43f6ad24cd4dddc65e79df5feeaa78;Bathycoccus	99.091	330	3	0	1	330	1	330	1.70e-170	593
M02215:3:000000000-B9JT7:1:1105:15479:213521:N:0:1;size=2;	882bcbeccf43f6ad24cd4dddc65e79df5feeaa78;Bathycoccus	98.810	336	4	0	1	336	1	336	3.65e-172	599
M02215:3:000000000-B9JT7:1:1105:15628:76971:N:0:1;size=2;	ecbcc3bd709776326a720729ad74c020c160aa3a;Chlorella	100.000	313	0	0	1	313	1	313	4.75e-166	579
M02215:3:000000000-B9JT7:1:1105:16120:147451:N:0:1;size=2;	882bcbeccf43f6ad24cd4dddc65e79df5feeaa78;Bathycoccus	98.512	336	5	0	1	336	1	336	1.70e-170	593
M02215:3:000000000-B9JT7:1:1105:18858:270641:N:0:1;size=2;	d92752cfdd8fd1a32b49db69adb3e1e7a3b4e8cc;Cyclotella	99.681	313	1	0	1	313	1	313	2.21e-164	573
M02215:3:000000000-B9JT7:1:1105:20538:33721:N:0:1;size=2;	b1a34b52e9dbe50cc0e7728a1c7595dcf1351f25;Littorina	100.000	313	0	0	1	313	1	313	4.75e-166	579
M02215:3:000000000-B9JT7:1:1105:26020:213141:N:0:1;size=2;	882bcbeccf43f6ad24cd4dddc65e79df5feeaa78;Bathycoccus	99.107	336	3	0	1	336	1	336	7.84e-174	604
M02215:3:000000000-B9JT7:1:1105:27945:171591:N:0:1;size=2;	a64ab751b69ad1c2dc45814951dd0b3fce5c88aa;Micromonas	100.000	313	0	0	1	313	1	313	4.69e-166	579
M02215:3:000000000-B9JT7:1:1105:3902:109641:N:0:1;size=2;	d92752cfdd8fd1a32b49db69adb3e1e7a3b4e8cc;Cyclotella	99.681	313	1	0	1	313	1	313	2.21e-164	573
M02215:3:000000000-B9JT7:1:1105:4173:115621:N:0:1;size=4;	d92752cfdd8fd1a32b49db69adb3e1e7a3b4e8cc;Cyclotella	99.681	313	1	0	1	313	1	313	2.21e-164	573
M02215:3:000000000-B9JT7:1:1105:5411:107511:N:0:1;size=2;	b1a34b52e9dbe50cc0e7728a1c7595dcf1351f25;Littorina	100.000	313	0	0	1	313	1	313	4.75e-166	579
M02215:3:000000000-B9JT7:1:1105:8042:224891:N:0:1;size=2;	d92752cfdd8fd1a32b49db69adb3e1e7a3b4e8cc;Cyclotella	99.681	313	1	0	1	313	1	313	2.21e-164	573
M02215:3:000000000-B9JT7:1:1105:9858:34891:N:0:1;size=2;	b1a34b52e9dbe50cc0e7728a1c7595dcf1351f25;Littorina	100.000	313	0	0	1	313	1	313	4.75e-166	579
M02215:3:000000000-B9JT7:1:1106:10678:79541:N:0:1;size=2;	d92752cfdd8fd1a32b49db69adb3e1e7a3b4e8cc;Cyclotella	99.681	313	1	0	1	313	1	313	2.21e-164	573
M02215:3:000000000-B9JT7:1:1106:13079:131401:N:0:1;size=2;	882bcbeccf43f6ad24cd4dddc65e79df5feeaa78;Bathycoccus	98.788	330	4	0	1	330	1	330	7.90e-169	588
M02215:3:000000000-B9JT7:1:1106:17395:267471:N:0:1;size=2;	d92752cfdd8fd1a32b49db69adb3e1e7a3b4e8cc;Cyclotella	99.681	313	1	0	1	313	1	313	2.21e-164	573
M02215:3:000000000-B9JT7:1:1106:18062:274311:N:0:1;size=2;	b1a34b52e9dbe50cc0e7728a1c7595dcf1351f25;Littorina	100.000	313	0	0	1	313	1	313	4.56e-166	579
M02215:3:000000000-B9JT7:1:1106:20018:282651:N:0:1;size=2;	882bcbeccf43f6ad24cd4dddc65e79df5feeaa78;Bathycoccus	98.788	330	4	0	1	330	1	330	7.90e-169	588
M02215:3:000000000-B9JT7:1:1106:25064:127421:N:0:1;size=2;	882bcbeccf43f6ad24cd4dddc65e79df5feeaa78;Bathycoccus	98.810	336	4	0	1	336	1	336	3.65e-172	599
M02215:3:000000000-B9JT7:1:1106:5999:220001:N:0:1;size=2;	882bcbeccf43f6ad24cd4dddc65e79df5feeaa78;Bathycoccus	99.091	330	3	0	1	330	1	330	1.70e-170	593
M02215:3:000000000-B9JT7:1:1106:7362:171661:N:0:1;size=2;	d92752cfdd8fd1a32b49db69adb3e1e7a3b4e8cc;Cyclotella	99.681	313	1	0	1	313	1	313	2.21e-164	573
M02215:3:000000000-B9JT7:1:1106:8332:223241:N:0:1;size=2;	882bcbeccf43f6ad24cd4dddc65e79df5feeaa78;Bathycoccus	99.107	336	3	0	1	336	1	336	7.84e-174	604
M02215:3:000000000-B9JT7:1:1107:12674:278241:N:0:1;size=2;	882bcbeccf43f6ad24cd4dddc65e79df5feeaa78;Bathycoccus	98.235	340	6	0	1	340	1	340	4.62e-171	595
M02215:3:000000000-B9JT7:1:1107:13288:87901:N:0:1;size=2;	d92752cfdd8fd1a32b49db69adb3e1e7a3b4e8cc;Cyclotella	99.681	313	1	0	1	313	1	313	2.18e-164	573
M02215:3:000000000-B9JT7:1:1107:13355:251081:N:0:1;size=2;	882bcbeccf43f6ad24cd4dddc65e79df5feeaa78;Bathycoccus	98.512	336	5	0	1	336	1	336	1.70e-170	593
M02215:3:000000000-B9JT7:1:1107:14930:91871:N:0:1;size=2;	d92752cfdd8fd1a32b49db69adb3e1e7a3b4e8cc;Cyclotella	99.681	313	1	0	1	313	1	313	2.21e-164	573
M02215:3:000000000-B9JT7:1:1107:16409:97181:N:0:1;size=2;	882bcbeccf43f6ad24cd4dddc65e79df5feeaa78;Bathycoccus	99.405	336	2	0	1	336	1	336	1.69e-175	610
M02215:3:000000000-B9JT7:1:1107:19861:239271:N:0:1;size=2;	882bcbeccf43f6ad24cd4dddc65e79df5feeaa78;Bathycoccus	98.529	340	5	0	1	340	1	340	1.01e-172	601
M02215:3:000000000-B9JT7:1:1107:26658:166441:N:0:1;size=2;	d92752cfdd8fd1a32b49db69adb3e1e7a3b4e8cc;Cyclotella	99.361	313	2	0	1	313	1	313	9.88e-163	568
M02215:3:000000000-B9JT7:1:1107:7850:110501:N:0:1;size=2;	d92752cfdd8fd1a32b49db69adb3e1e7a3b4e8cc;Cyclotella	99.681	313	1	0	1	313	1	313	2.21e-164	573
M02215:3:000000000-B9JT7:1:1108:10521:68881:N:0:1;size=2;	882bcbeccf43f6ad24cd4dddc65e79df5feeaa78;Bathycoccus	98.810	336	4	0	1	336	1	336	3.65e-172	599
M02215:3:000000000-B9JT7:1:1108:10815:216071:N:0:1;size=2;	882bcbeccf43f6ad24cd4dddc65e79df5feeaa78;Bathycoccus	98.529	340	5	0	1	340	1	340	1.01e-172	601
M02215:3:000000000-B9JT7:1:1108:14392:258001:N:0:1;size=2;	d92752cfdd8fd1a32b49db69adb3e1e7a3b4e8cc;Cyclotella	99.361	313	2	0	1	313	1	313	1.03e-162	568
M02215:3:000000000-B9JT7:1:1108:18003:215111:N:0:1;size=4;	882bcbeccf43f6ad24cd4dddc65e79df5feeaa78;Bathycoccus	98.788	330	4	0	1	330	1	330	7.90e-169	588
M02215:3:000000000-B9JT7:1:1108:18422:85071:N:0:1;size=2;	d92752cfdd8fd1a32b49db69adb3e1e7a3b4e8cc;Cyclotella	99.681	313	1	0	1	313	1	313	2.21e-164	573
M02215:3:000000000-B9JT7:1:1108:18426:157771:N:0:1;size=2;	d92752cfdd8fd1a32b49db69adb3e1e7a3b4e8cc;Cyclotella	99.681	313	1	0	1	313	1	313	2.21e-164	573
M02215:3:000000000-B9JT7:1:1108:20445:278801:N:0:1;size=4;	882bcbeccf43f6ad24cd4dddc65e79df5feeaa78;Bathycoccus	99.091	330	3	0	1	330	1	330	1.70e-170	593
M02215:3:000000000-B9JT7:1:1108:21703:45471:N:0:1;size=2;	b1a34b52e9dbe50cc0e7728a1c7595dcf1351f25;Littorina	100.000	313	0	0	1	313	1	313	4.75e-166	579
M02215:3:000000000-B9JT7:1:1108:26376:168871:N:0:1;size=2;	882bcbeccf43f6ad24cd4dddc65e79df5feeaa78;Bathycoccus	98.529	340	5	0	1	340	1	340	1.01e-172	601
M02215:3:000000000-B9JT7:1:1108:7777:153091:N:0:1;size=2;	d92752cfdd8fd1a32b49db69adb3e1e7a3b4e8cc;Cyclotella	99.681	313	1	0	1	313	1	313	2.21e-164	573
M02215:3:000000000-B9JT7:1:1108:8683:171951:N:0:1;size=2;	882bcbeccf43f6ad24cd4dddc65e79df5feeaa78;Bathycoccus	98.214	336	6	0	1	336	1	336	7.90e-169	588
M02215:3:000000000-B9JT7:1:1109:10787:261041:N:0:1;size=2;	d92752cfdd8fd1a32b49db69adb3e1e7a3b4e8cc;Cyclotella	99.681	313	1	0	1	313	1	313	2.21e-164	573
M02215:3:000000000-B9JT7:1:1109:13250:283471:N:0:1;size=2;	b1a34b52e9dbe50cc0e7728a1c7595dcf1351f25;Littorina	100.000	313	0	0	1	313	1	313	4.67e-166	579
M02215:3:000000000-B9JT7:1:1109:13637:108421:N:0:1;size=2;	a64ab751b69ad1c2dc45814951dd0b3fce5c88aa;Micromonas	100.000	313	0	0	1	313	1	313	4.75e-166	579
M02215:3:000000000-B9JT7:1:1109:19150:66991:N:0:1;size=2;	a64ab751b69ad1c2dc45814951dd0b3fce5c88aa;Micromonas	100.000	313	0	0	1	313	1	313	4.75e-166	579
M02215:3:000000000-B9JT7:1:1109:19657:88621:N:0:1;size=2;	d92752cfdd8fd1a32b49db69adb3e1e7a3b4e8cc;Cyclotella	99.681	313	1	0	1	313	1	313	2.21e-164	573
M02215:3:000000000-B9JT7:1:1109:21713:142921:N:0:1;size=2;	d92752cfdd8fd1a32b49db69adb3e1e7a3b4e8cc;Cyclotella	99.681	313	1	0	1	313	1	313	2.18e-164	573
M02215:3:000000000-B9JT7:1:1109:21751:215081:N:0:1;size=4;	d92752cfdd8fd1a32b49db69adb3e1e7a3b4e8cc;Cyclotella	99.681	313	1	0	1	313	1	313	2.21e-164	573
M02215:3:000000000-B9JT7:1:1109:23678:94541:N:0:1;size=2;	d92752cfdd8fd1a32b49db69adb3e1e7a3b4e8cc;Cyclotella	99.681	313	1	0	1	313	1	313	2.08e-164	573
M02215:3:000000000-B9JT7:1:1109:24256:224461:N:0:1;size=2;	32162e451e12cdf5cf3628007e99b0efa1ba946b;Phaeocystis	100.000	313	0	0	1	313	1	313	4.75e-166	579
M02215:3:000000000-B9JT7:1:1109:25235:155311:N:0:1;size=2;	d92752cfdd8fd1a32b49db69adb3e1e7a3b4e8cc;Cyclotella	99.681	313	1	0	1	313	1	313	2.11e-164	573
M02215:3:000000000-B9JT7:1:1109:27000:105691:N:0:1;size=2;	882bcbeccf43f6ad24cd4dddc65e79df5feeaa78;Bathycoccus	99.398	332	1	1	1	332	1	331	9.86e-173	601
M02215:3:000000000-B9JT7:1:1109:6134:121421:N:0:1;size=2;	882bcbeccf43f6ad24cd4dddc65e79df5feeaa78;Bathycoccus	99.394	330	2	0	1	330	1	330	3.60e-172	599
M02215:3:000000000-B9JT7:1:1109:6835:181561:N:0:1;size=2;	d92752cfdd8fd1a32b49db69adb3e1e7a3b4e8cc;Cyclotella	99.681	313	1	0	1	313	1	313	2.21e-164	573
M02215:3:000000000-B9JT7:1:1110:11075:251351:N:0:1;size=2;	a64ab751b69ad1c2dc45814951dd0b3fce5c88aa;Micromonas	100.000	313	0	0	1	313	1	313	4.71e-166	579
M02215:3:000000000-B9JT7:1:1110:11633:255461:N:0:1;size=2;	882bcbeccf43f6ad24cd4dddc65e79df5feeaa78;Bathycoccus	99.107	336	3	0	1	336	1	336	7.84e-174	604
M02215:3:000000000-B9JT7:1:1110:19143:225061:N:0:1;size=2;	882bcbeccf43f6ad24cd4dddc65e79df5feeaa78;Bathycoccus	98.788	330	4	0	1	330	1	330	7.90e-169	588
M02215:3:000000000-B9JT7:1:1110:21011:85521:N:0:1;size=4;	d92752cfdd8fd1a32b49db69adb3e1e7a3b4e8cc;Cyclotella	99.681	313	1	0	1	313	1	313	2.21e-164	573
M02215:3:000000000-B9JT7:1:1110:21408:215501:N:0:1;size=4;	882bcbeccf43f6ad24cd4dddc65e79df5feeaa78;Bathycoccus	98.788	330	4	0	1	330	1	330	7.82e-169	588
M02215:3:000000000-B9JT7:1:1110:22458:129081:N:0:1;size=2;	882bcbeccf43f6ad24cd4dddc65e79df5feeaa78;Bathycoccus	98.235	340	6	0	1	340	1	340	4.72e-171	595
M02215:3:000000000-B9JT7:1:1110:22596:227021:N:0:1;size=2;	882bcbeccf43f6ad24cd4dddc65e79df5feeaa78;Bathycoccus	98.529	340	5	0	1	340	1	340	1.01e-172	601
M02215:3:000000000-B9JT7:1:1110:2332:155261:N:0:1;size=2;	74bd536a982117e99a75e40240e0e3b1b1f81a5c;Triparma	100.000	313	0	0	1	313	1	313	4.69e-166	579
M02215:3:000000000-B9JT7:1:1110:24866:103581:N:0:1;size=4;	d92752cfdd8fd1a32b49db69adb3e1e7a3b4e8cc;Cyclotella	99.681	313	1	0	1	313	1	313	2.21e-164	573
M02215:3:000000000-B9JT7:1:1110:4265:208381:N:0:1;size=2;	d92752cfdd8fd1a32b49db69adb3e1e7a3b4e8cc;Cyclotella	99.681	313	1	0	1	313	1	313	2.21e-164	573
M02215:3:000000000-B9JT7:1:1110:8781:261151:N:0:1;size=2;	882bcbeccf43f6ad24cd4dddc65e79df5feeaa78;Bathycoccus	99.091	330	3	0	1	330	1	330	1.68e-170	593
M02215:3:000000000-B9JT7:1:1111:10855:154241:N:0:1;size=2;	a64ab751b69ad1c2dc45814951dd0b3fce5c88aa;Micromonas	100.000	313	0	0	1	313	1	313	4.75e-166	579
M02215:3:000000000-B9JT7:1:1111:10917:213931:N:0:1;size=2;	12b98cb34776b20c1af3092b34deaa79d36c190a;Maculaura	99.684	316	1	0	1	316	1	316	4.80e-166	579
M02215:3:000000000-B9JT7:1:1111:12300:185001:N:0:1;size=2;	d92752cfdd8fd1a32b49db69adb3e1e7a3b4e8cc;Cyclotella	99.681	313	1	0	1	313	1	313	2.21e-164	573
M02215:3:000000000-B9JT7:1:1111:14914:117031:N:0:1;size=2;	a64ab751b69ad1c2dc45814951dd0b3fce5c88aa;Micromonas	100.000	313	0	0	1	313	1	313	4.75e-166	579
M02215:3:000000000-B9JT7:1:1111:18923:209131:N:0:1;size=2;	882bcbeccf43f6ad24cd4dddc65e79df5feeaa78;Bathycoccus	98.512	336	5	0	1	336	1	336	1.70e-170	593
M02215:3:000000000-B9JT7:1:1111:21415:176821:N:0:1;size=2;	882bcbeccf43f6ad24cd4dddc65e79df5feeaa78;Bathycoccus	99.394	330	2	0	1	330	1	330	3.46e-172	599
M02215:3:000000000-B9JT7:1:1111:23635:114611:N:0:1;size=4;	d92752cfdd8fd1a32b49db69adb3e1e7a3b4e8cc;Cyclotella	99.681	313	1	0	1	313	1	313	2.19e-164	573
M02215:3:000000000-B9JT7:1:1111:26506:92501:N:0:1;size=2;	d92752cfdd8fd1a32b49db69adb3e1e7a3b4e8cc;Cyclotella	99.361	313	2	0	1	313	1	313	1.03e-162	568
M02215:3:000000000-B9JT7:1:1111:28747:137861:N:0:1;size=4;	882bcbeccf43f6ad24cd4dddc65e79df5feeaa78;Bathycoccus	99.688	321	1	0	1	321	1	321	7.37e-169	588
M02215:3:000000000-B9JT7:1:1111:4411:117511:N:0:1;size=2;	d92752cfdd8fd1a32b49db69adb3e1e7a3b4e8cc;Cyclotella	99.681	313	1	0	1	313	1	313	2.21e-164	573
M02215:3:000000000-B9JT7:1:1111:5359:232611:N:0:1;size=2;	a64ab751b69ad1c2dc45814951dd0b3fce5c88aa;Micromonas	100.000	313	0	0	1	313	1	313	4.75e-166	579
M02215:3:000000000-B9JT7:1:1111:5514:153041:N:0:1;size=2;	882bcbeccf43f6ad24cd4dddc65e79df5feeaa78;Bathycoccus	99.091	330	3	0	1	330	1	330	1.70e-170	593
M02215:3:000000000-B9JT7:1:1111:8379:116011:N:0:1;size=2;	d92752cfdd8fd1a32b49db69adb3e1e7a3b4e8cc;Cyclotella	99.681	313	1	0	1	313	1	313	2.21e-164	573
M02215:3:000000000-B9JT7:1:1111:9333:247141:N:0:1;size=2;	b1a34b52e9dbe50cc0e7728a1c7595dcf1351f25;Littorina	100.000	313	0	0	1	313	1	313	4.75e-166	579
M02215:3:000000000-B9JT7:1:1112:10245:105381:N:0:1;size=2;	a64ab751b69ad1c2dc45814951dd0b3fce5c88aa;Micromonas	100.000	313	0	0	1	313	1	313	4.75e-166	579
M02215:3:000000000-B9JT7:1:1112:11110:68921:N:0:1;size=2;	d92752cfdd8fd1a32b49db69adb3e1e7a3b4e8cc;Cyclotella	99.681	313	1	0	1	313	1	313	2.21e-164	573
M02215:3:000000000-B9JT7:1:1112:13227:221851:N:0:1;size=2;	74bd536a982117e99a75e40240e0e3b1b1f81a5c;Triparma	100.000	313	0	0	1	313	1	313	4.71e-166	579
M02215:3:000000000-B9JT7:1:1112:16872:269981:N:0:1;size=2;	882bcbeccf43f6ad24cd4dddc65e79df5feeaa78;Bathycoccus	99.091	330	3	0	1	330	1	330	1.70e-170	593
M02215:3:000000000-B9JT7:1:1112:22376:205901:N:0:1;size=2;	a64ab751b69ad1c2dc45814951dd0b3fce5c88aa;Micromonas	100.000	313	0	0	1	313	1	313	4.75e-166	579
M02215:3:000000000-B9JT7:1:1113:10970:221421:N:0:1;size=2;	882bcbeccf43f6ad24cd4dddc65e79df5feeaa78;Bathycoccus	98.529	340	5	0	1	340	1	340	1.01e-172	601
M02215:3:000000000-B9JT7:1:1113:14534:23501:N:0:1;size=2;	d92752cfdd8fd1a32b49db69adb3e1e7a3b4e8cc;Cyclotella	99.361	313	2	0	1	313	1	313	1.02e-162	568
M02215:3:000000000-B9JT7:1:1113:15014:165391:N:0:1;size=2;	b264612d43af5a13d95043e41b1ea19da2844fb9;Centropages	100.000	313	0	0	1	313	1	313	4.75e-166	579
M02215:3:000000000-B9JT7:1:1113:17411:38481:N:0:1;size=2;	882bcbeccf43f6ad24cd4dddc65e79df5feeaa78;Bathycoccus	99.394	330	2	0	1	330	1	330	3.47e-172	599
M02215:3:000000000-B9JT7:1:1113:23352:168231:N:0:1;size=2;	a64ab751b69ad1c2dc45814951dd0b3fce5c88aa;Micromonas	100.000	313	0	0	1	313	1	313	4.52e-166	579
M02215:3:000000000-B9JT7:1:1113:2699:118271:N:0:1;size=2;	a64ab751b69ad1c2dc45814951dd0b3fce5c88aa;Micromonas	100.000	313	0	0	1	313	1	313	4.75e-166	579
M02215:3:000000000-B9JT7:1:1113:28964:197041:N:0:1;size=2;	d92752cfdd8fd1a32b49db69adb3e1e7a3b4e8cc;Cyclotella	99.681	313	1	0	1	313	1	313	2.15e-164	573
M02215:3:000000000-B9JT7:1:1113:8295:162231:N:0:1;size=2;	b1a34b52e9dbe50cc0e7728a1c7595dcf1351f25;Littorina	100.000	313	0	0	1	313	1	313	4.75e-166	579
M02215:3:000000000-B9JT7:1:1114:14528:74451:N:0:1;size=4;	882bcbeccf43f6ad24cd4dddc65e79df5feeaa78;Bathycoccus	99.107	336	3	0	1	336	1	336	7.67e-174	604
M02215:3:000000000-B9JT7:1:1114:16230:105541:N:0:1;size=2;	a64ab751b69ad1c2dc45814951dd0b3fce5c88aa;Micromonas	100.000	313	0	0	1	313	1	313	4.75e-166	579
M02215:3:000000000-B9JT7:1:1114:6306:210001:N:0:1;size=2;	882bcbeccf43f6ad24cd4dddc65e79df5feeaa78;Bathycoccus	98.810	336	4	0	1	336	1	336	3.65e-172	599
M02215:3:000000000-B9JT7:1:1114:6752:173661:N:0:1;size=2;	d92752cfdd8fd1a32b49db69adb3e1e7a3b4e8cc;Cyclotella	99.681	313	1	0	1	313	1	313	2.21e-164	573
M02215:3:000000000-B9JT7:1:1114:7271:118411:N:0:1;size=2;	a64ab751b69ad1c2dc45814951dd0b3fce5c88aa;Micromonas	100.000	313	0	0	1	313	1	313	4.75e-166	579
M02215:3:000000000-B9JT7:1:1114:8551:94311:N:0:1;size=2;	d92752cfdd8fd1a32b49db69adb3e1e7a3b4e8cc;Cyclotella	99.681	313	1	0	1	313	1	313	2.21e-164	573
M02215:3:000000000-B9JT7:1:2101:11212:258511:N:0:1;size=2;	d92752cfdd8fd1a32b49db69adb3e1e7a3b4e8cc;Cyclotella	99.681	313	1	0	1	313	1	313	2.21e-164	573
M02215:3:000000000-B9JT7:1:2101:11237:115011:N:0:1;size=2;	882bcbeccf43f6ad24cd4dddc65e79df5feeaa78;Bathycoccus	99.091	330	3	0	1	330	1	330	1.70e-170	593
M02215:3:000000000-B9JT7:1:2101:12638:122651:N:0:1;size=2;	d92752cfdd8fd1a32b49db69adb3e1e7a3b4e8cc;Cyclotella	99.681	313	1	0	1	313	1	313	2.21e-164	573
M02215:3:000000000-B9JT7:1:2101:14751:171661:N:0:1;size=2;	882bcbeccf43f6ad24cd4dddc65e79df5feeaa78;Bathycoccus	98.810	336	4	0	1	336	1	336	3.65e-172	599
M02215:3:000000000-B9JT7:1:2101:18764:253571:N:0:1;size=2;	d92752cfdd8fd1a32b49db69adb3e1e7a3b4e8cc;Cyclotella	99.681	313	1	0	1	313	1	313	2.21e-164	573
M02215:3:000000000-B9JT7:1:2101:19414:168701:N:0:1;size=2;	b264612d43af5a13d95043e41b1ea19da2844fb9;Centropages	100.000	313	0	0	1	313	1	313	4.69e-166	579
M02215:3:000000000-B9JT7:1:2102:15484:117381:N:0:1;size=4;	d92752cfdd8fd1a32b49db69adb3e1e7a3b4e8cc;Cyclotella	99.681	313	1	0	1	313	1	313	2.21e-164	573
M02215:3:000000000-B9JT7:1:2102:21311:67361:N:0:1;size=2;	d92752cfdd8fd1a32b49db69adb3e1e7a3b4e8cc;Cyclotella	99.361	313	2	0	1	313	1	313	1.03e-162	568
M02215:3:000000000-B9JT7:1:2102:22199:129521:N:0:1;size=2;	882bcbeccf43f6ad24cd4dddc65e79df5feeaa78;Bathycoccus	99.091	330	3	0	1	330	1	330	1.70e-170	593
M02215:3:000000000-B9JT7:1:2103:10334:263931:N:0:1;size=2;	882bcbeccf43f6ad24cd4dddc65e79df5feeaa78;Bathycoccus	99.107	336	3	0	1	336	1	336	7.84e-174	604
M02215:3:000000000-B9JT7:1:2103:11212:283421:N:0:1;size=2;	d92752cfdd8fd1a32b49db69adb3e1e7a3b4e8cc;Cyclotella	99.681	313	1	0	1	313	1	313	2.21e-164	573
M02215:3:000000000-B9JT7:1:2103:15108:249841:N:0:1;size=2;	882bcbeccf43f6ad24cd4dddc65e79df5feeaa78;Bathycoccus	97.941	340	7	0	1	340	1	340	2.20e-169	590
M02215:3:000000000-B9JT7:1:2103:22002:189031:N:0:1;size=2;	d92752cfdd8fd1a32b49db69adb3e1e7a3b4e8cc;Cyclotella	99.681	313	1	0	1	313	1	313	2.21e-164	573
M02215:3:000000000-B9JT7:1:2103:6658:112111:N:0:1;size=2;	882bcbeccf43f6ad24cd4dddc65e79df5feeaa78;Bathycoccus	99.107	336	3	0	1	336	1	336	7.84e-174	604
M02215:3:000000000-B9JT7:1:2104:14561:182741:N:0:1;size=2;	d92752cfdd8fd1a32b49db69adb3e1e7a3b4e8cc;Cyclotella	99.681	313	1	0	1	313	1	313	2.21e-164	573
M02215:3:000000000-B9JT7:1:2104:16664:285041:N:0:1;size=4;	a64ab751b69ad1c2dc45814951dd0b3fce5c88aa;Micromonas	100.000	313	0	0	1	313	1	313	4.75e-166	579
M02215:3:000000000-B9JT7:1:2104:21932:266441:N:0:1;size=2;	882bcbeccf43f6ad24cd4dddc65e79df5feeaa78;Bathycoccus	98.512	336	5	0	1	336	1	336	1.70e-170	593
M02215:3:000000000-B9JT7:1:2104:5231:121531:N:0:1;size=2;	882bcbeccf43f6ad24cd4dddc65e79df5feeaa78;Bathycoccus	99.107	336	3	0	1	336	1	336	7.84e-174	604
M02215:3:000000000-B9JT7:1:2105:17536:259311:N:0:1;size=2;	a64ab751b69ad1c2dc45814951dd0b3fce5c88aa;Micromonas	100.000	313	0	0	1	313	1	313	4.65e-166	579
M02215:3:000000000-B9JT7:1:2105:21837:57031:N:0:1;size=2;	882bcbeccf43f6ad24cd4dddc65e79df5feeaa78;Bathycoccus	98.512	336	5	0	1	336	1	336	1.70e-170	593
M02215:3:000000000-B9JT7:1:2106:15484:121451:N:0:1;size=2;	b264612d43af5a13d95043e41b1ea19da2844fb9;Centropages	100.000	313	0	0	1	313	1	313	4.69e-166	579
M02215:3:000000000-B9JT7:1:2106:17859:171131:N:0:1;size=2;	b57949f2759ef72fe986ab28e641f624ddef6661;Chordariaceae	100.000	313	0	0	1	313	1	313	4.75e-166	579
M02215:3:000000000-B9JT7:1:2106:19580:135951:N:0:1;size=2;	d92752cfdd8fd1a32b49db69adb3e1e7a3b4e8cc;Cyclotella	99.681	313	1	0	1	313	1	313	2.21e-164	573
M02215:3:000000000-B9JT7:1:2106:20988:137201:N:0:1;size=2;	d92752cfdd8fd1a32b49db69adb3e1e7a3b4e8cc;Cyclotella	99.681	313	1	0	1	313	1	313	2.21e-164	573
M02215:3:000000000-B9JT7:1:2107:14951:151301:N:0:1;size=2;	882bcbeccf43f6ad24cd4dddc65e79df5feeaa78;Bathycoccus	98.235	340	6	0	1	340	1	340	4.68e-171	595
M02215:3:000000000-B9JT7:1:2107:19303:171011:N:0:1;size=2;	b1a34b52e9dbe50cc0e7728a1c7595dcf1351f25;Littorina	100.000	313	0	0	1	313	1	313	4.75e-166	579
M02215:3:000000000-B9JT7:1:2107:22354:112731:N:0:1;size=2;	a64ab751b69ad1c2dc45814951dd0b3fce5c88aa;Micromonas	100.000	313	0	0	1	313	1	313	4.75e-166	579
M02215:3:000000000-B9JT7:1:2107:24212:158661:N:0:1;size=2;	882bcbeccf43f6ad24cd4dddc65e79df5feeaa78;Bathycoccus	99.394	330	2	0	1	330	1	330	3.60e-172	599
M02215:3:000000000-B9JT7:1:2107:6085:119241:N:0:1;size=2;	882bcbeccf43f6ad24cd4dddc65e79df5feeaa78;Bathycoccus	98.810	336	4	0	1	336	1	336	3.65e-172	599
M02215:3:000000000-B9JT7:1:2108:22536:163701:N:0:1;size=2;	d92752cfdd8fd1a32b49db69adb3e1e7a3b4e8cc;Cyclotella	99.681	313	1	0	1	313	1	313	2.17e-164	573
M02215:3:000000000-B9JT7:1:2108:8814:70621:N:0:1;size=2;	d92752cfdd8fd1a32b49db69adb3e1e7a3b4e8cc;Cyclotella	99.681	313	1	0	1	313	1	313	2.21e-164	573
M02215:3:000000000-B9JT7:1:2109:8866:229141:N:0:1;size=2;	882bcbeccf43f6ad24cd4dddc65e79df5feeaa78;Bathycoccus	99.096	332	2	1	1	332	1	331	4.72e-171	595
M02215:3:000000000-B9JT7:1:2110:11623:236981:N:0:1;size=2;	74bd536a982117e99a75e40240e0e3b1b1f81a5c;Triparma	100.000	313	0	0	1	313	1	313	4.75e-166	579
M02215:3:000000000-B9JT7:1:2110:13233:238371:N:0:1;size=2;	d92752cfdd8fd1a32b49db69adb3e1e7a3b4e8cc;Cyclotella	99.361	313	2	0	1	313	1	313	1.03e-162	568
M02215:3:000000000-B9JT7:1:2110:19236:143591:N:0:1;size=2;	a64ab751b69ad1c2dc45814951dd0b3fce5c88aa;Micromonas	100.000	313	0	0	1	313	1	313	4.75e-166	579
M02215:3:000000000-B9JT7:1:2111:14683:150321:N:0:1;size=2;	d92752cfdd8fd1a32b49db69adb3e1e7a3b4e8cc;Cyclotella	99.681	313	1	0	1	313	1	313	2.21e-164	573
M02215:3:000000000-B9JT7:1:2111:26337:168811:N:0:1;size=2;	882bcbeccf43f6ad24cd4dddc65e79df5feeaa78;Bathycoccus	99.107	336	3	0	1	336	1	336	7.75e-174	604
M02215:3:000000000-B9JT7:1:2111:26703:151911:N:0:1;size=2;	d92752cfdd8fd1a32b49db69adb3e1e7a3b4e8cc;Cyclotella	99.681	313	1	0	1	313	1	313	2.21e-164	573
M02215:3:000000000-B9JT7:1:2112:5838:139811:N:0:1;size=2;	882bcbeccf43f6ad24cd4dddc65e79df5feeaa78;Bathycoccus	99.697	330	1	0	1	330	1	330	7.77e-174	604
