M02215:3:000000000-B9JT7:1:1101:6257:134341:N:0:1;size=399;	a129d43d07f3c2a9a232859f9434fdba6b5fb93a;Struthio	100.000	311	0	0	1	311	71	381	5.90e-165	575
M02215:3:000000000-B9JT7:1:1101:11699:137141:N:0:1;size=61;	a129d43d07f3c2a9a232859f9434fdba6b5fb93a;Struthio	100.000	313	0	0	1	313	69	381	4.59e-166	579
M02215:3:000000000-B9JT7:1:1101:6702:55961:N:0:1;size=4824;	a129d43d07f3c2a9a232859f9434fdba6b5fb93a;Struthio	100.000	311	0	0	1	311	71	381	6.11e-165	575
M02215:3:000000000-B9JT7:1:1101:10446:155391:N:0:1;size=159;	99dd62fa68b371af40b1495b9224664f7ba5d584;Alligator	100.000	313	0	0	1	313	1	313	4.59e-166	579
M02215:3:000000000-B9JT7:1:1101:23492:211481:N:0:1;size=19;	a129d43d07f3c2a9a232859f9434fdba6b5fb93a;Struthio	100.000	312	0	0	1	312	70	381	1.70e-165	577
M02215:3:000000000-B9JT7:1:1103:10667:43801:N:0:1;size=131;	a129d43d07f3c2a9a232859f9434fdba6b5fb93a;Struthio	100.000	311	0	0	1	311	71	381	5.70e-165	575
M02215:3:000000000-B9JT7:1:1101:15367:133731:N:0:1;size=1259;	99dd62fa68b371af40b1495b9224664f7ba5d584;Alligator	100.000	313	0	0	1	313	1	313	4.75e-166	579
M02215:3:000000000-B9JT7:1:1101:23594:156521:N:0:1;size=27;	a129d43d07f3c2a9a232859f9434fdba6b5fb93a;Struthio	100.000	312	0	0	1	312	70	381	1.70e-165	577
M02215:3:000000000-B9JT7:1:1101:7607:80691:N:0:1;size=17;	a129d43d07f3c2a9a232859f9434fdba6b5fb93a;Struthio	100.000	313	0	0	1	313	69	381	4.75e-166	579
M02215:3:000000000-B9JT7:1:1102:18370:105441:N:0:1;size=135;	a129d43d07f3c2a9a232859f9434fdba6b5fb93a;Struthio	100.000	311	0	0	1	311	71	381	5.73e-165	575
M02215:3:000000000-B9JT7:1:1105:12353:22961:N:0:1;size=19;	a129d43d07f3c2a9a232859f9434fdba6b5fb93a;Struthio	100.000	313	0	0	1	313	69	381	4.59e-166	579
M02215:3:000000000-B9JT7:1:1101:7338:165761:N:0:1;size=281;	a129d43d07f3c2a9a232859f9434fdba6b5fb93a;Struthio	100.000	312	0	0	1	312	70	381	1.69e-165	577
M02215:3:000000000-B9JT7:1:1101:9509:176921:N:0:1;size=39;	a129d43d07f3c2a9a232859f9434fdba6b5fb93a;Struthio	100.000	312	0	0	1	312	70	381	1.60e-165	577
M02215:3:000000000-B9JT7:1:1102:11938:90801:N:0:1;size=14;	a129d43d07f3c2a9a232859f9434fdba6b5fb93a;Struthio	100.000	311	0	0	1	311	71	381	6.05e-165	575
M02215:3:000000000-B9JT7:1:1101:22314:30131:N:0:1;size=110;	99dd62fa68b371af40b1495b9224664f7ba5d584;Alligator	100.000	313	0	0	1	313	1	313	4.71e-166	579
M02215:3:000000000-B9JT7:1:1101:12194:199381:N:0:1;size=12;	99dd62fa68b371af40b1495b9224664f7ba5d584;Alligator	100.000	313	0	0	1	313	1	313	4.75e-166	579
M02215:3:000000000-B9JT7:1:1102:17140:133421:N:0:1;size=16;	a129d43d07f3c2a9a232859f9434fdba6b5fb93a;Struthio	100.000	313	0	0	1	313	69	381	4.43e-166	579
M02215:3:000000000-B9JT7:1:1103:2482:128851:N:0:1;size=14;	a129d43d07f3c2a9a232859f9434fdba6b5fb93a;Struthio	100.000	311	0	0	1	311	71	381	5.90e-165	575
M02215:3:000000000-B9JT7:1:1103:5309:86151:N:0:1;size=20;	a129d43d07f3c2a9a232859f9434fdba6b5fb93a;Struthio	100.000	313	0	0	1	313	69	381	4.46e-166	579
M02215:3:000000000-B9JT7:1:1101:18365:113671:N:0:1;size=17;	a129d43d07f3c2a9a232859f9434fdba6b5fb93a;Struthio	100.000	313	0	0	1	313	69	381	4.75e-166	579
M02215:3:000000000-B9JT7:1:1101:17906:253281:N:0:1;size=10;	a129d43d07f3c2a9a232859f9434fdba6b5fb93a;Struthio	100.000	311	0	0	1	311	71	381	6.11e-165	575
M02215:3:000000000-B9JT7:1:1101:13268:71781:N:0:1;size=9;	a129d43d07f3c2a9a232859f9434fdba6b5fb93a;Struthio	100.000	312	0	0	1	312	70	381	1.70e-165	577
M02215:3:000000000-B9JT7:1:1103:11668:46421:N:0:1;size=9;	a129d43d07f3c2a9a232859f9434fdba6b5fb93a;Struthio	100.000	313	0	0	1	313	69	381	4.71e-166	579
M02215:3:000000000-B9JT7:1:1106:27364:135531:N:0:1;size=9;	99dd62fa68b371af40b1495b9224664f7ba5d584;Alligator	100.000	313	0	0	1	313	1	313	4.75e-166	579
M02215:3:000000000-B9JT7:1:1101:19682:265171:N:0:1;size=8;	a129d43d07f3c2a9a232859f9434fdba6b5fb93a;Struthio	100.000	311	0	0	1	311	71	381	6.11e-165	575
M02215:3:000000000-B9JT7:1:1102:12391:148391:N:0:1;size=8;	a129d43d07f3c2a9a232859f9434fdba6b5fb93a;Struthio	100.000	313	0	0	1	313	69	381	4.75e-166	579
M02215:3:000000000-B9JT7:1:1102:13558:87371:N:0:1;size=8;	a129d43d07f3c2a9a232859f9434fdba6b5fb93a;Struthio	100.000	311	0	0	1	311	71	381	6.11e-165	575
M02215:3:000000000-B9JT7:1:1103:20899:70111:N:0:1;size=17;	a129d43d07f3c2a9a232859f9434fdba6b5fb93a;Struthio	100.000	313	0	0	1	313	69	381	4.75e-166	579
M02215:3:000000000-B9JT7:1:1101:15503:141921:N:0:1;size=7;	a129d43d07f3c2a9a232859f9434fdba6b5fb93a;Struthio	100.000	313	0	0	1	313	69	381	4.75e-166	579
M02215:3:000000000-B9JT7:1:1101:17650:121861:N:0:1;size=13;	a129d43d07f3c2a9a232859f9434fdba6b5fb93a;Struthio	100.000	313	0	0	1	313	69	381	4.75e-166	579
M02215:3:000000000-B9JT7:1:1101:19450:68921:N:0:1;size=9;	99dd62fa68b371af40b1495b9224664f7ba5d584;Alligator	100.000	313	0	0	1	313	1	313	4.71e-166	579
M02215:3:000000000-B9JT7:1:1102:23210:70391:N:0:1;size=7;	a129d43d07f3c2a9a232859f9434fdba6b5fb93a;Struthio	100.000	312	0	0	1	312	70	381	1.70e-165	577
M02215:3:000000000-B9JT7:1:1102:4298:125271:N:0:1;size=7;	a129d43d07f3c2a9a232859f9434fdba6b5fb93a;Struthio	100.000	313	0	0	1	313	69	381	4.75e-166	579
M02215:3:000000000-B9JT7:1:1103:14230:169111:N:0:1;size=7;	a129d43d07f3c2a9a232859f9434fdba6b5fb93a;Struthio	100.000	311	0	0	1	311	71	381	6.11e-165	575
M02215:3:000000000-B9JT7:1:1103:2194:149251:N:0:1;size=9;	99dd62fa68b371af40b1495b9224664f7ba5d584;Alligator	100.000	312	0	0	1	312	2	313	1.65e-165	577
M02215:3:000000000-B9JT7:1:1103:24989:193811:N:0:1;size=7;	a129d43d07f3c2a9a232859f9434fdba6b5fb93a;Struthio	100.000	313	0	0	1	313	69	381	4.75e-166	579
M02215:3:000000000-B9JT7:1:1103:9629:64441:N:0:1;size=7;	a129d43d07f3c2a9a232859f9434fdba6b5fb93a;Struthio	100.000	313	0	0	1	313	69	381	4.75e-166	579
M02215:3:000000000-B9JT7:1:1104:6414:167871:N:0:1;size=7;	a129d43d07f3c2a9a232859f9434fdba6b5fb93a;Struthio	100.000	313	0	0	1	313	69	381	4.75e-166	579
M02215:3:000000000-B9JT7:1:1105:10218:251391:N:0:1;size=7;	a129d43d07f3c2a9a232859f9434fdba6b5fb93a;Struthio	100.000	313	0	0	1	313	69	381	4.75e-166	579
M02215:3:000000000-B9JT7:1:1101:14632:58371:N:0:1;size=6;	a129d43d07f3c2a9a232859f9434fdba6b5fb93a;Struthio	100.000	311	0	0	1	311	71	381	6.11e-165	575
M02215:3:000000000-B9JT7:1:1101:17407:198381:N:0:1;size=6;	a129d43d07f3c2a9a232859f9434fdba6b5fb93a;Struthio	100.000	313	0	0	1	313	69	381	4.75e-166	579
M02215:3:000000000-B9JT7:1:1101:20057:233741:N:0:1;size=6;	a129d43d07f3c2a9a232859f9434fdba6b5fb93a;Struthio	100.000	312	0	0	1	312	70	381	1.70e-165	577
M02215:3:000000000-B9JT7:1:1102:16226:40141:N:0:1;size=6;	a129d43d07f3c2a9a232859f9434fdba6b5fb93a;Struthio	100.000	312	0	0	1	312	70	381	1.70e-165	577
M02215:3:000000000-B9JT7:1:1102:17341:282731:N:0:1;size=6;	a129d43d07f3c2a9a232859f9434fdba6b5fb93a;Struthio	100.000	313	0	0	1	313	69	381	4.75e-166	579
M02215:3:000000000-B9JT7:1:1102:20044:196781:N:0:1;size=6;	a129d43d07f3c2a9a232859f9434fdba6b5fb93a;Struthio	100.000	311	0	0	1	311	71	381	5.53e-165	575
M02215:3:000000000-B9JT7:1:1102:21731:66601:N:0:1;size=8;	a129d43d07f3c2a9a232859f9434fdba6b5fb93a;Struthio	100.000	312	0	0	1	312	70	381	1.70e-165	577
M02215:3:000000000-B9JT7:1:1102:7845:180681:N:0:1;size=6;	99dd62fa68b371af40b1495b9224664f7ba5d584;Alligator	100.000	312	0	0	1	312	2	313	1.65e-165	577
M02215:3:000000000-B9JT7:1:1102:8162:89911:N:0:1;size=6;	99dd62fa68b371af40b1495b9224664f7ba5d584;Alligator	100.000	312	0	0	1	312	2	313	1.70e-165	577
M02215:3:000000000-B9JT7:1:1103:14158:35641:N:0:1;size=6;	a129d43d07f3c2a9a232859f9434fdba6b5fb93a;Struthio	100.000	311	0	0	1	311	71	381	6.11e-165	575
M02215:3:000000000-B9JT7:1:1103:3232:132071:N:0:1;size=10;	a129d43d07f3c2a9a232859f9434fdba6b5fb93a;Struthio	100.000	311	0	0	1	311	71	381	6.11e-165	575
M02215:3:000000000-B9JT7:1:1103:6447:80231:N:0:1;size=10;	99dd62fa68b371af40b1495b9224664f7ba5d584;Alligator	100.000	313	0	0	1	313	1	313	4.75e-166	579
M02215:3:000000000-B9JT7:1:1104:11639:148901:N:0:1;size=6;	99dd62fa68b371af40b1495b9224664f7ba5d584;Alligator	100.000	311	0	0	1	311	3	313	6.11e-165	575
M02215:3:000000000-B9JT7:1:1104:26036:133441:N:0:1;size=6;	99dd62fa68b371af40b1495b9224664f7ba5d584;Alligator	100.000	313	0	0	1	313	1	313	4.75e-166	579
M02215:3:000000000-B9JT7:1:1104:8607:176541:N:0:1;size=6;	a129d43d07f3c2a9a232859f9434fdba6b5fb93a;Struthio	100.000	312	0	0	1	312	70	381	1.70e-165	577
M02215:3:000000000-B9JT7:1:1105:14388:46971:N:0:1;size=6;	99dd62fa68b371af40b1495b9224664f7ba5d584;Alligator	100.000	312	0	0	1	312	2	313	1.70e-165	577
M02215:3:000000000-B9JT7:1:1105:3720:206291:N:0:1;size=6;	a129d43d07f3c2a9a232859f9434fdba6b5fb93a;Struthio	100.000	311	0	0	1	311	71	381	6.11e-165	575
M02215:3:000000000-B9JT7:1:1106:14667:55911:N:0:1;size=10;	a129d43d07f3c2a9a232859f9434fdba6b5fb93a;Struthio	100.000	312	0	0	1	312	70	381	1.70e-165	577
M02215:3:000000000-B9JT7:1:1106:20086:83871:N:0:1;size=6;	99dd62fa68b371af40b1495b9224664f7ba5d584;Alligator	100.000	313	0	0	1	313	1	313	4.75e-166	579
M02215:3:000000000-B9JT7:1:1106:20306:57731:N:0:1;size=8;	a129d43d07f3c2a9a232859f9434fdba6b5fb93a;Struthio	100.000	312	0	0	1	312	70	381	1.70e-165	577
M02215:3:000000000-B9JT7:1:1106:6813:132611:N:0:1;size=6;	a129d43d07f3c2a9a232859f9434fdba6b5fb93a;Struthio	100.000	313	0	0	1	313	69	381	4.75e-166	579
M02215:3:000000000-B9JT7:1:1107:15964:101521:N:0:1;size=10;	a129d43d07f3c2a9a232859f9434fdba6b5fb93a;Struthio	100.000	313	0	0	1	313	69	381	4.75e-166	579
M02215:3:000000000-B9JT7:1:1108:11421:94501:N:0:1;size=6;	99dd62fa68b371af40b1495b9224664f7ba5d584;Alligator	100.000	313	0	0	1	313	1	313	4.75e-166	579
M02215:3:000000000-B9JT7:1:1101:10239:253591:N:0:1;size=13;	99dd62fa68b371af40b1495b9224664f7ba5d584;Alligator	100.000	311	0	0	1	311	3	313	6.11e-165	575
M02215:3:000000000-B9JT7:1:1101:11620:59871:N:0:1;size=5;	a129d43d07f3c2a9a232859f9434fdba6b5fb93a;Struthio	100.000	313	0	0	1	313	69	381	4.75e-166	579
M02215:3:000000000-B9JT7:1:1101:11733:54751:N:0:1;size=5;	a129d43d07f3c2a9a232859f9434fdba6b5fb93a;Struthio	100.000	311	0	0	1	311	71	381	6.11e-165	575
M02215:3:000000000-B9JT7:1:1101:13520:159201:N:0:1;size=5;	99dd62fa68b371af40b1495b9224664f7ba5d584;Alligator	100.000	311	0	0	1	311	3	313	6.11e-165	575
M02215:3:000000000-B9JT7:1:1101:14880:88351:N:0:1;size=5;	99dd62fa68b371af40b1495b9224664f7ba5d584;Alligator	100.000	313	0	0	1	313	1	313	4.75e-166	579
M02215:3:000000000-B9JT7:1:1101:15955:223651:N:0:1;size=37;	99dd62fa68b371af40b1495b9224664f7ba5d584;Alligator	100.000	313	0	0	1	313	1	313	4.43e-166	579
M02215:3:000000000-B9JT7:1:1101:20231:185751:N:0:1;size=5;	99dd62fa68b371af40b1495b9224664f7ba5d584;Alligator	100.000	313	0	0	1	313	1	313	4.75e-166	579
M02215:3:000000000-B9JT7:1:1101:8153:121601:N:0:1;size=5;	a129d43d07f3c2a9a232859f9434fdba6b5fb93a;Struthio	100.000	311	0	0	1	311	71	381	6.11e-165	575
M02215:3:000000000-B9JT7:1:1102:13999:147851:N:0:1;size=18;	a129d43d07f3c2a9a232859f9434fdba6b5fb93a;Struthio	100.000	313	0	0	1	313	69	381	4.56e-166	579
M02215:3:000000000-B9JT7:1:1102:18846:64581:N:0:1;size=5;	a129d43d07f3c2a9a232859f9434fdba6b5fb93a;Struthio	100.000	313	0	0	1	313	69	381	4.75e-166	579
M02215:3:000000000-B9JT7:1:1102:25714:96081:N:0:1;size=32;	a129d43d07f3c2a9a232859f9434fdba6b5fb93a;Struthio	100.000	312	0	0	1	312	70	381	1.64e-165	577
M02215:3:000000000-B9JT7:1:1102:29206:138061:N:0:1;size=26;	99dd62fa68b371af40b1495b9224664f7ba5d584;Alligator	100.000	313	0	0	1	313	1	313	4.48e-166	579
M02215:3:000000000-B9JT7:1:1102:3314:134311:N:0:1;size=9;	a129d43d07f3c2a9a232859f9434fdba6b5fb93a;Struthio	100.000	312	0	0	1	312	70	381	1.70e-165	577
M02215:3:000000000-B9JT7:1:1103:20969:41121:N:0:1;size=7;	99dd62fa68b371af40b1495b9224664f7ba5d584;Alligator	100.000	312	0	0	1	312	2	313	1.60e-165	577
M02215:3:000000000-B9JT7:1:1103:26113:245201:N:0:1;size=10;	99dd62fa68b371af40b1495b9224664f7ba5d584;Alligator	100.000	313	0	0	1	313	1	313	4.75e-166	579
M02215:3:000000000-B9JT7:1:1104:7140:87861:N:0:1;size=5;	99dd62fa68b371af40b1495b9224664f7ba5d584;Alligator	100.000	313	0	0	1	313	1	313	4.75e-166	579
M02215:3:000000000-B9JT7:1:1105:13651:151381:N:0:1;size=5;	a129d43d07f3c2a9a232859f9434fdba6b5fb93a;Struthio	100.000	311	0	0	1	311	71	381	6.11e-165	575
M02215:3:000000000-B9JT7:1:1105:23156:239471:N:0:1;size=5;	a129d43d07f3c2a9a232859f9434fdba6b5fb93a;Struthio	100.000	313	0	0	1	313	69	381	4.75e-166	579
M02215:3:000000000-B9JT7:1:1106:18731:145181:N:0:1;size=9;	a129d43d07f3c2a9a232859f9434fdba6b5fb93a;Struthio	100.000	311	0	0	1	311	71	381	6.11e-165	575
M02215:3:000000000-B9JT7:1:1107:20973:279651:N:0:1;size=36;	a129d43d07f3c2a9a232859f9434fdba6b5fb93a;Struthio	100.000	312	0	0	1	312	70	381	1.62e-165	577
M02215:3:000000000-B9JT7:1:1101:19622:83691:N:0:1;size=4;	c93371c30c5c7bee584cc7bd1e5476f7e4483706;Alligator	99.357	311	2	0	1	311	1	311	1.28e-161	564
M02215:3:000000000-B9JT7:1:1101:20974:263731:N:0:1;size=4;	99dd62fa68b371af40b1495b9224664f7ba5d584;Alligator	100.000	313	0	0	1	313	1	313	4.75e-166	579
M02215:3:000000000-B9JT7:1:1101:27456:138511:N:0:1;size=4;	a129d43d07f3c2a9a232859f9434fdba6b5fb93a;Struthio	100.000	311	0	0	1	311	71	381	6.11e-165	575
M02215:3:000000000-B9JT7:1:1101:29065:121951:N:0:1;size=4;	99dd62fa68b371af40b1495b9224664f7ba5d584;Alligator	100.000	313	0	0	1	313	1	313	4.75e-166	579
M02215:3:000000000-B9JT7:1:1101:6917:64391:N:0:1;size=10;	99dd62fa68b371af40b1495b9224664f7ba5d584;Alligator	100.000	313	0	0	1	313	1	313	4.75e-166	579
M02215:3:000000000-B9JT7:1:1102:20101:80911:N:0:1;size=8;	99dd62fa68b371af40b1495b9224664f7ba5d584;Alligator	100.000	313	0	0	1	313	1	313	4.52e-166	579
M02215:3:000000000-B9JT7:1:1102:7902:68211:N:0:1;size=8;	a129d43d07f3c2a9a232859f9434fdba6b5fb93a;Struthio	100.000	312	0	0	1	312	70	381	1.70e-165	577
M02215:3:000000000-B9JT7:1:1103:11201:99691:N:0:1;size=4;	a129d43d07f3c2a9a232859f9434fdba6b5fb93a;Struthio	100.000	311	0	0	1	311	71	381	6.11e-165	575
M02215:3:000000000-B9JT7:1:1103:17721:228441:N:0:1;size=4;	99dd62fa68b371af40b1495b9224664f7ba5d584;Alligator	100.000	313	0	0	1	313	1	313	4.46e-166	579
M02215:3:000000000-B9JT7:1:1103:19569:260671:N:0:1;size=17;	99dd62fa68b371af40b1495b9224664f7ba5d584;Alligator	100.000	311	0	0	1	311	3	313	6.11e-165	575
M02215:3:000000000-B9JT7:1:1103:20000:80931:N:0:1;size=4;	a129d43d07f3c2a9a232859f9434fdba6b5fb93a;Struthio	100.000	312	0	0	1	312	70	381	1.70e-165	577
M02215:3:000000000-B9JT7:1:1103:21804:112881:N:0:1;size=4;	a129d43d07f3c2a9a232859f9434fdba6b5fb93a;Struthio	100.000	311	0	0	1	311	71	381	6.11e-165	575
M02215:3:000000000-B9JT7:1:1103:26426:156351:N:0:1;size=4;	a129d43d07f3c2a9a232859f9434fdba6b5fb93a;Struthio	100.000	313	0	0	1	313	69	381	4.75e-166	579
M02215:3:000000000-B9JT7:1:1103:26430:233471:N:0:1;size=4;	a129d43d07f3c2a9a232859f9434fdba6b5fb93a;Struthio	100.000	313	0	0	1	313	69	381	4.75e-166	579
M02215:3:000000000-B9JT7:1:1104:10264:75431:N:0:1;size=4;	99dd62fa68b371af40b1495b9224664f7ba5d584;Alligator	100.000	313	0	0	1	313	1	313	4.75e-166	579
M02215:3:000000000-B9JT7:1:1104:11552:163221:N:0:1;size=4;	99dd62fa68b371af40b1495b9224664f7ba5d584;Alligator	100.000	311	0	0	1	311	3	313	6.11e-165	575
M02215:3:000000000-B9JT7:1:1104:14614:89701:N:0:1;size=4;	a129d43d07f3c2a9a232859f9434fdba6b5fb93a;Struthio	100.000	313	0	0	1	313	69	381	4.75e-166	579
M02215:3:000000000-B9JT7:1:1104:21175:215911:N:0:1;size=4;	99dd62fa68b371af40b1495b9224664f7ba5d584;Alligator	100.000	311	0	0	1	311	3	313	6.11e-165	575
M02215:3:000000000-B9JT7:1:1104:24567:150391:N:0:1;size=4;	a129d43d07f3c2a9a232859f9434fdba6b5fb93a;Struthio	100.000	312	0	0	1	312	70	381	1.70e-165	577
M02215:3:000000000-B9JT7:1:1104:9483:239141:N:0:1;size=4;	99dd62fa68b371af40b1495b9224664f7ba5d584;Alligator	100.000	313	0	0	1	313	1	313	4.75e-166	579
M02215:3:000000000-B9JT7:1:1105:11734:198851:N:0:1;size=4;	a129d43d07f3c2a9a232859f9434fdba6b5fb93a;Struthio	100.000	312	0	0	1	312	70	381	1.70e-165	577
M02215:3:000000000-B9JT7:1:1105:16200:205181:N:0:1;size=4;	a129d43d07f3c2a9a232859f9434fdba6b5fb93a;Struthio	100.000	313	0	0	1	313	69	381	4.75e-166	579
M02215:3:000000000-B9JT7:1:1105:17815:241661:N:0:1;size=4;	99dd62fa68b371af40b1495b9224664f7ba5d584;Alligator	100.000	313	0	0	1	313	1	313	4.75e-166	579
M02215:3:000000000-B9JT7:1:1106:19617:53221:N:0:1;size=8;	a129d43d07f3c2a9a232859f9434fdba6b5fb93a;Struthio	100.000	313	0	0	1	313	69	381	4.75e-166	579
M02215:3:000000000-B9JT7:1:1106:22210:112511:N:0:1;size=4;	a129d43d07f3c2a9a232859f9434fdba6b5fb93a;Struthio	100.000	312	0	0	1	312	70	381	1.70e-165	577
M02215:3:000000000-B9JT7:1:1107:25563:144091:N:0:1;size=8;	a129d43d07f3c2a9a232859f9434fdba6b5fb93a;Struthio	100.000	313	0	0	1	313	69	381	4.75e-166	579
M02215:3:000000000-B9JT7:1:1107:4702:142661:N:0:1;size=4;	a129d43d07f3c2a9a232859f9434fdba6b5fb93a;Struthio	100.000	313	0	0	1	313	69	381	4.75e-166	579
M02215:3:000000000-B9JT7:1:1108:16526:60961:N:0:1;size=4;	a129d43d07f3c2a9a232859f9434fdba6b5fb93a;Struthio	100.000	311	0	0	1	311	71	381	5.81e-165	575
M02215:3:000000000-B9JT7:1:1108:23210:158201:N:0:1;size=4;	a129d43d07f3c2a9a232859f9434fdba6b5fb93a;Struthio	100.000	312	0	0	1	312	70	381	1.70e-165	577
M02215:3:000000000-B9JT7:1:1109:11563:285111:N:0:1;size=4;	99dd62fa68b371af40b1495b9224664f7ba5d584;Alligator	100.000	313	0	0	1	313	1	313	4.75e-166	579
M02215:3:000000000-B9JT7:1:1110:14058:194821:N:0:1;size=4;	99dd62fa68b371af40b1495b9224664f7ba5d584;Alligator	100.000	313	0	0	1	313	1	313	4.75e-166	579
M02215:3:000000000-B9JT7:1:1110:7540:183091:N:0:1;size=6;	99dd62fa68b371af40b1495b9224664f7ba5d584;Alligator	100.000	313	0	0	1	313	1	313	4.75e-166	579
M02215:3:000000000-B9JT7:1:1112:19899:31811:N:0:1;size=4;	a129d43d07f3c2a9a232859f9434fdba6b5fb93a;Struthio	100.000	312	0	0	1	312	70	381	1.70e-165	577
M02215:3:000000000-B9JT7:1:1112:28843:176331:N:0:1;size=4;	a129d43d07f3c2a9a232859f9434fdba6b5fb93a;Struthio	100.000	311	0	0	1	311	71	381	5.83e-165	575
M02215:3:000000000-B9JT7:1:2103:11146:151551:N:0:1;size=8;	99dd62fa68b371af40b1495b9224664f7ba5d584;Alligator	100.000	312	0	0	1	312	2	313	1.70e-165	577
M02215:3:000000000-B9JT7:1:1101:12886:120271:N:0:1;size=3;	a129d43d07f3c2a9a232859f9434fdba6b5fb93a;Struthio	100.000	311	0	0	1	311	71	381	6.11e-165	575
M02215:3:000000000-B9JT7:1:1101:15321:217021:N:0:1;size=3;	99dd62fa68b371af40b1495b9224664f7ba5d584;Alligator	100.000	313	0	0	1	313	1	313	4.75e-166	579
M02215:3:000000000-B9JT7:1:1101:19698:220641:N:0:1;size=3;	a129d43d07f3c2a9a232859f9434fdba6b5fb93a;Struthio	100.000	312	0	0	1	312	70	381	1.70e-165	577
M02215:3:000000000-B9JT7:1:1101:21328:141491:N:0:1;size=3;	a129d43d07f3c2a9a232859f9434fdba6b5fb93a;Struthio	100.000	312	0	0	1	312	70	381	1.70e-165	577
M02215:3:000000000-B9JT7:1:1101:23716:186711:N:0:1;size=3;	99dd62fa68b371af40b1495b9224664f7ba5d584;Alligator	100.000	312	0	0	1	312	2	313	1.70e-165	577
M02215:3:000000000-B9JT7:1:1101:24175:89741:N:0:1;size=3;	99dd62fa68b371af40b1495b9224664f7ba5d584;Alligator	100.000	311	0	0	1	311	3	313	6.11e-165	575
M02215:3:000000000-B9JT7:1:1101:4233:184491:N:0:1;size=3;	99dd62fa68b371af40b1495b9224664f7ba5d584;Alligator	100.000	312	0	0	1	312	2	313	1.70e-165	577
M02215:3:000000000-B9JT7:1:1101:5535:156291:N:0:1;size=3;	a129d43d07f3c2a9a232859f9434fdba6b5fb93a;Struthio	100.000	313	0	0	1	313	69	381	4.75e-166	579
M02215:3:000000000-B9JT7:1:1101:8604:39861:N:0:1;size=5;	a129d43d07f3c2a9a232859f9434fdba6b5fb93a;Struthio	100.000	313	0	0	1	313	69	381	4.29e-166	579
M02215:3:000000000-B9JT7:1:1102:10636:231861:N:0:1;size=3;	99dd62fa68b371af40b1495b9224664f7ba5d584;Alligator	100.000	313	0	0	1	313	1	313	4.53e-166	579
M02215:3:000000000-B9JT7:1:1102:14964:266841:N:0:1;size=6;	a129d43d07f3c2a9a232859f9434fdba6b5fb93a;Struthio	100.000	313	0	0	1	313	69	381	4.75e-166	579
M02215:3:000000000-B9JT7:1:1102:15863:247371:N:0:1;size=3;	99dd62fa68b371af40b1495b9224664f7ba5d584;Alligator	100.000	312	0	0	1	312	2	313	1.64e-165	577
M02215:3:000000000-B9JT7:1:1102:18209:270551:N:0:1;size=3;	99dd62fa68b371af40b1495b9224664f7ba5d584;Alligator	100.000	312	0	0	1	312	2	313	1.70e-165	577
M02215:3:000000000-B9JT7:1:1102:19102:183361:N:0:1;size=3;	99dd62fa68b371af40b1495b9224664f7ba5d584;Alligator	100.000	313	0	0	1	313	1	313	4.75e-166	579
M02215:3:000000000-B9JT7:1:1103:13644:45501:N:0:1;size=7;	99dd62fa68b371af40b1495b9224664f7ba5d584;Alligator	100.000	311	0	0	1	311	3	313	6.11e-165	575
M02215:3:000000000-B9JT7:1:1103:2315:158451:N:0:1;size=3;	99dd62fa68b371af40b1495b9224664f7ba5d584;Alligator	100.000	313	0	0	1	313	1	313	4.75e-166	579
M02215:3:000000000-B9JT7:1:1103:26614:145321:N:0:1;size=3;	99dd62fa68b371af40b1495b9224664f7ba5d584;Alligator	100.000	311	0	0	1	311	3	313	6.11e-165	575
M02215:3:000000000-B9JT7:1:1103:8280:45811:N:0:1;size=3;	99dd62fa68b371af40b1495b9224664f7ba5d584;Alligator	100.000	313	0	0	1	313	1	313	4.75e-166	579
M02215:3:000000000-B9JT7:1:1104:10267:34831:N:0:1;size=5;	99dd62fa68b371af40b1495b9224664f7ba5d584;Alligator	100.000	313	0	0	1	313	1	313	4.75e-166	579
M02215:3:000000000-B9JT7:1:1104:12992:185321:N:0:1;size=3;	99dd62fa68b371af40b1495b9224664f7ba5d584;Alligator	100.000	313	0	0	1	313	1	313	4.75e-166	579
M02215:3:000000000-B9JT7:1:1104:28540:120551:N:0:1;size=3;	99dd62fa68b371af40b1495b9224664f7ba5d584;Alligator	100.000	313	0	0	1	313	1	313	4.75e-166	579
M02215:3:000000000-B9JT7:1:1105:11978:100651:N:0:1;size=3;	a129d43d07f3c2a9a232859f9434fdba6b5fb93a;Struthio	100.000	312	0	0	1	312	70	381	1.70e-165	577
M02215:3:000000000-B9JT7:1:1105:14762:209911:N:0:1;size=3;	99dd62fa68b371af40b1495b9224664f7ba5d584;Alligator	100.000	312	0	0	1	312	2	313	1.70e-165	577
M02215:3:000000000-B9JT7:1:1105:23864:230191:N:0:1;size=8;	99dd62fa68b371af40b1495b9224664f7ba5d584;Alligator	100.000	312	0	0	1	312	2	313	1.70e-165	577
M02215:3:000000000-B9JT7:1:1106:10646:138511:N:0:1;size=3;	99dd62fa68b371af40b1495b9224664f7ba5d584;Alligator	100.000	312	0	0	1	312	2	313	1.70e-165	577
M02215:3:000000000-B9JT7:1:1106:12628:278621:N:0:1;size=5;	c93371c30c5c7bee584cc7bd1e5476f7e4483706;Alligator	100.000	311	0	0	3	313	1	311	6.15e-165	575
M02215:3:000000000-B9JT7:1:1106:23296:77231:N:0:1;size=3;	a129d43d07f3c2a9a232859f9434fdba6b5fb93a;Struthio	100.000	313	0	0	1	313	69	381	4.75e-166	579
M02215:3:000000000-B9JT7:1:1107:10675:47181:N:0:1;size=3;	a129d43d07f3c2a9a232859f9434fdba6b5fb93a;Struthio	100.000	313	0	0	1	313	69	381	4.75e-166	579
M02215:3:000000000-B9JT7:1:1107:15310:132941:N:0:1;size=5;	99dd62fa68b371af40b1495b9224664f7ba5d584;Alligator	100.000	312	0	0	1	312	2	313	1.70e-165	577
M02215:3:000000000-B9JT7:1:1107:24656:147761:N:0:1;size=3;	a129d43d07f3c2a9a232859f9434fdba6b5fb93a;Struthio	100.000	312	0	0	1	312	70	381	1.70e-165	577
M02215:3:000000000-B9JT7:1:1108:16766:139631:N:0:1;size=5;	99dd62fa68b371af40b1495b9224664f7ba5d584;Alligator	100.000	313	0	0	1	313	1	313	4.29e-166	579
M02215:3:000000000-B9JT7:1:1108:19234:69791:N:0:1;size=3;	a129d43d07f3c2a9a232859f9434fdba6b5fb93a;Struthio	100.000	313	0	0	1	313	69	381	4.75e-166	579
M02215:3:000000000-B9JT7:1:1109:11898:229891:N:0:1;size=5;	99dd62fa68b371af40b1495b9224664f7ba5d584;Alligator	100.000	312	0	0	1	312	2	313	1.70e-165	577
M02215:3:000000000-B9JT7:1:1109:12602:192771:N:0:1;size=3;	a129d43d07f3c2a9a232859f9434fdba6b5fb93a;Struthio	100.000	311	0	0	1	311	71	381	6.11e-165	575
M02215:3:000000000-B9JT7:1:1109:21936:271581:N:0:1;size=3;	a129d43d07f3c2a9a232859f9434fdba6b5fb93a;Struthio	100.000	313	0	0	1	313	69	381	4.75e-166	579
M02215:3:000000000-B9JT7:1:1110:3813:159341:N:0:1;size=3;	a129d43d07f3c2a9a232859f9434fdba6b5fb93a;Struthio	100.000	313	0	0	1	313	69	381	4.69e-166	579
M02215:3:000000000-B9JT7:1:1110:5895:203081:N:0:1;size=3;	a129d43d07f3c2a9a232859f9434fdba6b5fb93a;Struthio	100.000	313	0	0	1	313	69	381	4.75e-166	579
M02215:3:000000000-B9JT7:1:1111:14299:113911:N:0:1;size=3;	99dd62fa68b371af40b1495b9224664f7ba5d584;Alligator	100.000	312	0	0	1	312	2	313	1.70e-165	577
M02215:3:000000000-B9JT7:1:1112:13956:192491:N:0:1;size=3;	a129d43d07f3c2a9a232859f9434fdba6b5fb93a;Struthio	100.000	311	0	0	1	311	71	381	6.11e-165	575
M02215:3:000000000-B9JT7:1:1112:24393:101971:N:0:1;size=3;	a129d43d07f3c2a9a232859f9434fdba6b5fb93a;Struthio	100.000	313	0	0	1	313	69	381	4.75e-166	579
M02215:3:000000000-B9JT7:1:1114:22149:224121:N:0:1;size=3;	a129d43d07f3c2a9a232859f9434fdba6b5fb93a;Struthio	100.000	312	0	0	1	312	70	381	1.70e-165	577
M02215:3:000000000-B9JT7:1:1114:6318:113561:N:0:1;size=3;	a129d43d07f3c2a9a232859f9434fdba6b5fb93a;Struthio	100.000	313	0	0	1	313	69	381	4.75e-166	579
M02215:3:000000000-B9JT7:1:2101:27521:172451:N:0:1;size=3;	6ae7dd3f17778cf447b3b8835e02b8d724bbee39;Struthio	100.000	311	0	0	2	312	1	311	5.92e-165	575
M02215:3:000000000-B9JT7:1:2101:6066:145551:N:0:1;size=3;	99dd62fa68b371af40b1495b9224664f7ba5d584;Alligator	100.000	311	0	0	1	311	3	313	6.11e-165	575
M02215:3:000000000-B9JT7:1:2103:17838:133581:N:0:1;size=3;	a129d43d07f3c2a9a232859f9434fdba6b5fb93a;Struthio	100.000	311	0	0	1	311	71	381	6.11e-165	575
M02215:3:000000000-B9JT7:1:2106:22692:183041:N:0:1;size=3;	99dd62fa68b371af40b1495b9224664f7ba5d584;Alligator	100.000	311	0	0	1	311	3	313	6.11e-165	575
M02215:3:000000000-B9JT7:1:1101:11356:164531:N:0:1;size=2;	99dd62fa68b371af40b1495b9224664f7ba5d584;Alligator	100.000	312	0	0	1	312	2	313	1.70e-165	577
M02215:3:000000000-B9JT7:1:1101:12482:132881:N:0:1;size=4;	99dd62fa68b371af40b1495b9224664f7ba5d584;Alligator	100.000	311	0	0	1	311	3	313	5.85e-165	575
M02215:3:000000000-B9JT7:1:1101:13281:77271:N:0:1;size=2;	a129d43d07f3c2a9a232859f9434fdba6b5fb93a;Struthio	100.000	312	0	0	1	312	70	381	1.54e-165	577
M02215:3:000000000-B9JT7:1:1101:13708:239171:N:0:1;size=2;	99dd62fa68b371af40b1495b9224664f7ba5d584;Alligator	100.000	311	0	0	1	311	3	313	6.11e-165	575
M02215:3:000000000-B9JT7:1:1101:15976:118871:N:0:1;size=2;	a129d43d07f3c2a9a232859f9434fdba6b5fb93a;Struthio	100.000	311	0	0	1	311	71	381	6.11e-165	575
M02215:3:000000000-B9JT7:1:1101:17387:262281:N:0:1;size=2;	a129d43d07f3c2a9a232859f9434fdba6b5fb93a;Struthio	100.000	311	0	0	1	311	71	381	6.11e-165	575
M02215:3:000000000-B9JT7:1:1101:21600:161181:N:0:1;size=2;	a129d43d07f3c2a9a232859f9434fdba6b5fb93a;Struthio	100.000	312	0	0	1	312	70	381	1.70e-165	577
M02215:3:000000000-B9JT7:1:1101:23339:82571:N:0:1;size=2;	86f1aa026f06d79b60e877e9c05b306d90d52869;Struthio	97.428	311	8	0	3	313	1	311	1.35e-151	531
M02215:3:000000000-B9JT7:1:1101:24904:233861:N:0:1;size=8;	a129d43d07f3c2a9a232859f9434fdba6b5fb93a;Struthio	100.000	313	0	0	1	313	69	381	4.39e-166	579
M02215:3:000000000-B9JT7:1:1101:28106:126751:N:0:1;size=2;	99dd62fa68b371af40b1495b9224664f7ba5d584;Alligator	100.000	312	0	0	1	312	2	313	1.70e-165	577
M02215:3:000000000-B9JT7:1:1101:9173:176381:N:0:1;size=2;	a129d43d07f3c2a9a232859f9434fdba6b5fb93a;Struthio	100.000	312	0	0	1	312	70	381	1.70e-165	577
M02215:3:000000000-B9JT7:1:1102:11770:197321:N:0:1;size=2;	41374429ad03931c15cabde7d7a49ecc92b19d2b;Alligator	100.000	311	0	0	1	311	2	312	6.11e-165	575
M02215:3:000000000-B9JT7:1:1102:14076:190661:N:0:1;size=2;	a129d43d07f3c2a9a232859f9434fdba6b5fb93a;Struthio	100.000	301	0	0	1	301	71	371	2.21e-159	556
M02215:3:000000000-B9JT7:1:1102:14147:181691:N:0:1;size=2;	99dd62fa68b371af40b1495b9224664f7ba5d584;Alligator	100.000	311	0	0	1	311	3	313	6.11e-165	575
M02215:3:000000000-B9JT7:1:1102:14616:236981:N:0:1;size=2;	a129d43d07f3c2a9a232859f9434fdba6b5fb93a;Struthio	99.035	311	0	1	1	308	71	381	7.89e-159	555
M02215:3:000000000-B9JT7:1:1102:16256:162241:N:0:1;size=4;	99dd62fa68b371af40b1495b9224664f7ba5d584;Alligator	100.000	313	0	0	1	313	1	313	4.56e-166	579
M02215:3:000000000-B9JT7:1:1102:17762:154601:N:0:1;size=2;	a129d43d07f3c2a9a232859f9434fdba6b5fb93a;Struthio	100.000	311	0	0	1	311	71	381	6.11e-165	575
M02215:3:000000000-B9JT7:1:1102:18114:150691:N:0:1;size=4;	a129d43d07f3c2a9a232859f9434fdba6b5fb93a;Struthio	100.000	302	0	0	1	302	70	371	5.96e-160	558
M02215:3:000000000-B9JT7:1:1102:19104:85641:N:0:1;size=2;	cc3fbc37f8181e20892bbd63a86b973f1abbc820;Alligator	100.000	314	0	0	1	314	73	386	1.33e-166	580
M02215:3:000000000-B9JT7:1:1102:20208:211061:N:0:1;size=2;	a129d43d07f3c2a9a232859f9434fdba6b5fb93a;Struthio	100.000	312	0	0	1	312	70	381	1.70e-165	577
M02215:3:000000000-B9JT7:1:1102:9930:72861:N:0:1;size=2;	a129d43d07f3c2a9a232859f9434fdba6b5fb93a;Struthio	100.000	311	0	0	1	311	71	381	6.05e-165	575
M02215:3:000000000-B9JT7:1:1103:11117:235791:N:0:1;size=2;	86f1aa026f06d79b60e877e9c05b306d90d52869;Struthio	99.035	311	3	0	2	312	1	311	6.17e-160	558
M02215:3:000000000-B9JT7:1:1103:13061:157891:N:0:1;size=2;	c93371c30c5c7bee584cc7bd1e5476f7e4483706;Alligator	99.357	311	2	0	2	312	1	311	1.28e-161	564
M02215:3:000000000-B9JT7:1:1103:15636:161981:N:0:1;size=4;	99dd62fa68b371af40b1495b9224664f7ba5d584;Alligator	100.000	311	0	0	1	311	3	313	6.05e-165	575
M02215:3:000000000-B9JT7:1:1103:16725:98151:N:0:1;size=2;	a129d43d07f3c2a9a232859f9434fdba6b5fb93a;Struthio	100.000	312	0	0	1	312	70	381	1.70e-165	577
M02215:3:000000000-B9JT7:1:1103:17629:86081:N:0:1;size=2;	99dd62fa68b371af40b1495b9224664f7ba5d584;Alligator	100.000	311	0	0	1	311	3	313	6.11e-165	575
M02215:3:000000000-B9JT7:1:1103:20744:179711:N:0:1;size=2;	c93371c30c5c7bee584cc7bd1e5476f7e4483706;Alligator	100.000	311	0	0	2	312	1	311	5.92e-165	575
M02215:3:000000000-B9JT7:1:1103:22461:201961:N:0:1;size=2;	a129d43d07f3c2a9a232859f9434fdba6b5fb93a;Struthio	100.000	312	0	0	1	312	70	381	1.70e-165	577
M02215:3:000000000-B9JT7:1:1103:27259:109031:N:0:1;size=2;	a129d43d07f3c2a9a232859f9434fdba6b5fb93a;Struthio	99.678	311	1	0	1	311	71	381	2.84e-163	569
M02215:3:000000000-B9JT7:1:1104:15775:167251:N:0:1;size=2;	99dd62fa68b371af40b1495b9224664f7ba5d584;Alligator	100.000	313	0	0	1	313	1	313	4.75e-166	579
M02215:3:000000000-B9JT7:1:1104:18788:128791:N:0:1;size=2;	99dd62fa68b371af40b1495b9224664f7ba5d584;Alligator	100.000	311	0	0	1	311	3	313	6.11e-165	575
M02215:3:000000000-B9JT7:1:1104:19651:151631:N:0:1;size=2;	99dd62fa68b371af40b1495b9224664f7ba5d584;Alligator	100.000	312	0	0	1	312	2	313	1.70e-165	577
M02215:3:000000000-B9JT7:1:1104:23945:178291:N:0:1;size=2;	86f1aa026f06d79b60e877e9c05b306d90d52869;Struthio	99.678	311	1	0	3	313	1	311	2.76e-163	569
M02215:3:000000000-B9JT7:1:1104:24540:82421:N:0:1;size=2;	99dd62fa68b371af40b1495b9224664f7ba5d584;Alligator	100.000	313	0	0	1	313	1	313	4.56e-166	579
M02215:3:000000000-B9JT7:1:1104:4488:208961:N:0:1;size=2;	a129d43d07f3c2a9a232859f9434fdba6b5fb93a;Struthio	99.678	311	1	0	1	311	71	381	2.84e-163	569
M02215:3:000000000-B9JT7:1:1104:5053:92651:N:0:1;size=4;	99dd62fa68b371af40b1495b9224664f7ba5d584;Alligator	100.000	311	0	0	1	311	3	313	6.11e-165	575
M02215:3:000000000-B9JT7:1:1104:7672:152421:N:0:1;size=2;	99dd62fa68b371af40b1495b9224664f7ba5d584;Alligator	100.000	311	0	0	1	311	3	313	6.11e-165	575
M02215:3:000000000-B9JT7:1:1104:8146:194501:N:0:1;size=2;	a129d43d07f3c2a9a232859f9434fdba6b5fb93a;Struthio	100.000	311	0	0	1	311	71	381	6.11e-165	575
M02215:3:000000000-B9JT7:1:1105:11233:255321:N:0:1;size=2;	99dd62fa68b371af40b1495b9224664f7ba5d584;Alligator	99.359	312	2	0	1	312	2	313	3.66e-162	566
M02215:3:000000000-B9JT7:1:1105:12741:70931:N:0:1;size=2;	99dd62fa68b371af40b1495b9224664f7ba5d584;Alligator	100.000	311	0	0	1	311	3	313	6.11e-165	575
M02215:3:000000000-B9JT7:1:1105:14532:36571:N:0:1;size=2;	6ae7dd3f17778cf447b3b8835e02b8d724bbee39;Struthio	100.000	311	0	0	2	312	1	311	6.13e-165	575
M02215:3:000000000-B9JT7:1:1105:16009:162541:N:0:1;size=2;	a129d43d07f3c2a9a232859f9434fdba6b5fb93a;Struthio	99.679	312	1	0	1	312	70	381	7.93e-164	571
M02215:3:000000000-B9JT7:1:1105:20682:165911:N:0:1;size=2;	c93371c30c5c7bee584cc7bd1e5476f7e4483706;Alligator	99.357	311	2	0	3	313	1	311	1.29e-161	564
M02215:3:000000000-B9JT7:1:1105:25546:234261:N:0:1;size=2;	a129d43d07f3c2a9a232859f9434fdba6b5fb93a;Struthio	100.000	312	0	0	1	312	70	381	1.70e-165	577
M02215:3:000000000-B9JT7:1:1105:2667:152951:N:0:1;size=6;	99dd62fa68b371af40b1495b9224664f7ba5d584;Alligator	100.000	312	0	0	1	312	2	313	1.70e-165	577
M02215:3:000000000-B9JT7:1:1106:10197:107811:N:0:1;size=2;	99dd62fa68b371af40b1495b9224664f7ba5d584;Alligator	100.000	311	0	0	1	311	3	313	5.73e-165	575
M02215:3:000000000-B9JT7:1:1106:17013:168801:N:0:1;size=2;	99dd62fa68b371af40b1495b9224664f7ba5d584;Alligator	99.361	313	2	0	1	313	1	313	1.03e-162	568
M02215:3:000000000-B9JT7:1:1106:21054:31171:N:0:1;size=2;	a129d43d07f3c2a9a232859f9434fdba6b5fb93a;Struthio	100.000	313	0	0	1	313	69	381	4.62e-166	579
M02215:3:000000000-B9JT7:1:1106:21057:76821:N:0:1;size=6;	a129d43d07f3c2a9a232859f9434fdba6b5fb93a;Struthio	100.000	312	0	0	1	312	70	381	1.64e-165	577
M02215:3:000000000-B9JT7:1:1106:23790:198451:N:0:1;size=2;	a129d43d07f3c2a9a232859f9434fdba6b5fb93a;Struthio	100.000	311	0	0	1	311	71	381	6.11e-165	575
M02215:3:000000000-B9JT7:1:1106:25295:105971:N:0:1;size=2;	a129d43d07f3c2a9a232859f9434fdba6b5fb93a;Struthio	99.678	311	1	0	1	311	71	381	2.84e-163	569
M02215:3:000000000-B9JT7:1:1106:25795:242181:N:0:1;size=2;	a129d43d07f3c2a9a232859f9434fdba6b5fb93a;Struthio	100.000	311	0	0	1	311	71	381	5.94e-165	575
M02215:3:000000000-B9JT7:1:1106:25832:191611:N:0:1;size=2;	a129d43d07f3c2a9a232859f9434fdba6b5fb93a;Struthio	100.000	312	0	0	1	312	70	381	1.70e-165	577
M02215:3:000000000-B9JT7:1:1106:26818:83261:N:0:1;size=2;	c93371c30c5c7bee584cc7bd1e5476f7e4483706;Alligator	99.357	311	2	0	1	311	1	311	1.32e-161	564
M02215:3:000000000-B9JT7:1:1107:16145:40341:N:0:1;size=4;	a129d43d07f3c2a9a232859f9434fdba6b5fb93a;Struthio	100.000	312	0	0	1	312	70	381	1.56e-165	577
M02215:3:000000000-B9JT7:1:1107:16382:76261:N:0:1;size=4;	a129d43d07f3c2a9a232859f9434fdba6b5fb93a;Struthio	100.000	313	0	0	1	313	69	381	4.75e-166	579
M02215:3:000000000-B9JT7:1:1107:18452:266781:N:0:1;size=2;	c93371c30c5c7bee584cc7bd1e5476f7e4483706;Alligator	100.000	311	0	0	1	311	1	311	6.11e-165	575
M02215:3:000000000-B9JT7:1:1107:24255:75231:N:0:1;size=2;	c93371c30c5c7bee584cc7bd1e5476f7e4483706;Alligator	100.000	311	0	0	1	311	1	311	6.11e-165	575
M02215:3:000000000-B9JT7:1:1107:24752:182921:N:0:1;size=2;	a129d43d07f3c2a9a232859f9434fdba6b5fb93a;Struthio	99.678	311	1	0	1	311	71	381	2.84e-163	569
M02215:3:000000000-B9JT7:1:1107:6372:90671:N:0:1;size=2;	a129d43d07f3c2a9a232859f9434fdba6b5fb93a;Struthio	100.000	312	0	0	1	312	70	381	1.70e-165	577
M02215:3:000000000-B9JT7:1:1107:7480:106411:N:0:1;size=2;	a129d43d07f3c2a9a232859f9434fdba6b5fb93a;Struthio	100.000	311	0	0	1	311	71	381	6.05e-165	575
M02215:3:000000000-B9JT7:1:1108:10899:104191:N:0:1;size=2;	a129d43d07f3c2a9a232859f9434fdba6b5fb93a;Struthio	100.000	312	0	0	1	312	70	381	1.66e-165	577
M02215:3:000000000-B9JT7:1:1108:12906:223331:N:0:1;size=2;	51ec3e2037b76a8821418a0a5cd35c360f0dd1ed;Alligator	99.678	311	1	0	1	311	1	311	2.84e-163	569
M02215:3:000000000-B9JT7:1:1108:18950:75291:N:0:1;size=2;	99dd62fa68b371af40b1495b9224664f7ba5d584;Alligator	100.000	311	0	0	1	311	3	313	6.11e-165	575
M02215:3:000000000-B9JT7:1:1108:20121:149701:N:0:1;size=2;	a129d43d07f3c2a9a232859f9434fdba6b5fb93a;Struthio	100.000	312	0	0	1	312	70	381	1.70e-165	577
M02215:3:000000000-B9JT7:1:1108:25673:224841:N:0:1;size=2;	a129d43d07f3c2a9a232859f9434fdba6b5fb93a;Struthio	100.000	311	0	0	1	311	71	381	5.94e-165	575
M02215:3:000000000-B9JT7:1:1108:6604:232531:N:0:1;size=2;	c93371c30c5c7bee584cc7bd1e5476f7e4483706;Alligator	100.000	311	0	0	2	312	1	311	6.13e-165	575
M02215:3:000000000-B9JT7:1:1108:9167:193341:N:0:1;size=2;	a129d43d07f3c2a9a232859f9434fdba6b5fb93a;Struthio	100.000	312	0	0	1	312	70	381	1.70e-165	577
M02215:3:000000000-B9JT7:1:1109:10680:144931:N:0:1;size=2;	a129d43d07f3c2a9a232859f9434fdba6b5fb93a;Struthio	100.000	312	0	0	1	312	70	381	1.70e-165	577
M02215:3:000000000-B9JT7:1:1109:15007:75311:N:0:1;size=2;	99dd62fa68b371af40b1495b9224664f7ba5d584;Alligator	100.000	312	0	0	1	312	2	313	1.70e-165	577
M02215:3:000000000-B9JT7:1:1109:16234:217431:N:0:1;size=2;	a129d43d07f3c2a9a232859f9434fdba6b5fb93a;Struthio	98.714	311	1	1	1	308	71	381	3.67e-157	549
M02215:3:000000000-B9JT7:1:1109:16567:176061:N:0:1;size=2;	c93371c30c5c7bee584cc7bd1e5476f7e4483706;Alligator	100.000	311	0	0	1	311	1	311	6.11e-165	575
M02215:3:000000000-B9JT7:1:1109:20393:189021:N:0:1;size=2;	c93371c30c5c7bee584cc7bd1e5476f7e4483706;Alligator	99.357	311	2	0	3	313	1	311	1.33e-161	564
M02215:3:000000000-B9JT7:1:1109:22428:140891:N:0:1;size=2;	cc3fbc37f8181e20892bbd63a86b973f1abbc820;Alligator	100.000	314	0	0	1	314	73	386	1.33e-166	580
M02215:3:000000000-B9JT7:1:1109:23664:149091:N:0:1;size=2;	99dd62fa68b371af40b1495b9224664f7ba5d584;Alligator	100.000	313	0	0	1	313	1	313	4.75e-166	579
M02215:3:000000000-B9JT7:1:1109:7310:66951:N:0:1;size=2;	a129d43d07f3c2a9a232859f9434fdba6b5fb93a;Struthio	100.000	311	0	0	1	311	71	381	6.11e-165	575
M02215:3:000000000-B9JT7:1:1109:8018:165011:N:0:1;size=2;	99dd62fa68b371af40b1495b9224664f7ba5d584;Alligator	100.000	312	0	0	1	312	2	313	1.70e-165	577
M02215:3:000000000-B9JT7:1:1109:8802:90591:N:0:1;size=2;	99dd62fa68b371af40b1495b9224664f7ba5d584;Alligator	100.000	311	0	0	1	311	3	313	6.11e-165	575
M02215:3:000000000-B9JT7:1:1110:13986:189731:N:0:1;size=2;	6ae7dd3f17778cf447b3b8835e02b8d724bbee39;Struthio	100.000	311	0	0	2	312	1	311	6.13e-165	575
M02215:3:000000000-B9JT7:1:1110:14869:49441:N:0:1;size=2;	a129d43d07f3c2a9a232859f9434fdba6b5fb93a;Struthio	100.000	313	0	0	1	313	69	381	4.62e-166	579
M02215:3:000000000-B9JT7:1:1110:16702:130541:N:0:1;size=2;	99dd62fa68b371af40b1495b9224664f7ba5d584;Alligator	100.000	312	0	0	1	312	2	313	1.70e-165	577
M02215:3:000000000-B9JT7:1:1110:20611:123521:N:0:1;size=2;	a129d43d07f3c2a9a232859f9434fdba6b5fb93a;Struthio	100.000	313	0	0	1	313	69	381	4.75e-166	579
M02215:3:000000000-B9JT7:1:1110:21613:33811:N:0:1;size=2;	a129d43d07f3c2a9a232859f9434fdba6b5fb93a;Struthio	100.000	311	0	0	1	311	71	381	6.11e-165	575
M02215:3:000000000-B9JT7:1:1110:9031:189091:N:0:1;size=2;	99dd62fa68b371af40b1495b9224664f7ba5d584;Alligator	100.000	312	0	0	1	312	2	313	1.70e-165	577
M02215:3:000000000-B9JT7:1:1111:10835:246811:N:0:1;size=2;	99dd62fa68b371af40b1495b9224664f7ba5d584;Alligator	100.000	311	0	0	1	311	3	313	6.11e-165	575
M02215:3:000000000-B9JT7:1:1111:11426:65611:N:0:1;size=2;	99dd62fa68b371af40b1495b9224664f7ba5d584;Alligator	100.000	312	0	0	1	312	2	313	1.70e-165	577
M02215:3:000000000-B9JT7:1:1111:21899:138311:N:0:1;size=2;	a129d43d07f3c2a9a232859f9434fdba6b5fb93a;Struthio	100.000	313	0	0	1	313	69	381	4.75e-166	579
M02215:3:000000000-B9JT7:1:1111:22141:81171:N:0:1;size=2;	a129d43d07f3c2a9a232859f9434fdba6b5fb93a;Struthio	100.000	311	0	0	1	311	71	381	6.11e-165	575
M02215:3:000000000-B9JT7:1:1111:22478:177921:N:0:1;size=2;	a129d43d07f3c2a9a232859f9434fdba6b5fb93a;Struthio	100.000	313	0	0	1	313	69	381	4.75e-166	579
M02215:3:000000000-B9JT7:1:1111:23429:177901:N:0:1;size=2;	a129d43d07f3c2a9a232859f9434fdba6b5fb93a;Struthio	100.000	313	0	0	1	313	69	381	4.75e-166	579
M02215:3:000000000-B9JT7:1:1111:24530:62501:N:0:1;size=2;	87050aea62156f5a2887037aa2fa605e925c0f36;Struthio	99.038	312	3	0	1	312	1	312	1.66e-160	560
M02215:3:000000000-B9JT7:1:1111:4052:187511:N:0:1;size=2;	99dd62fa68b371af40b1495b9224664f7ba5d584;Alligator	100.000	313	0	0	1	313	1	313	4.75e-166	579
M02215:3:000000000-B9JT7:1:1112:12829:197471:N:0:1;size=2;	a129d43d07f3c2a9a232859f9434fdba6b5fb93a;Struthio	100.000	302	0	0	1	302	70	371	6.17e-160	558
M02215:3:000000000-B9JT7:1:1113:13262:193221:N:0:1;size=2;	6ae7dd3f17778cf447b3b8835e02b8d724bbee39;Struthio	100.000	311	0	0	1	311	1	311	6.11e-165	575
M02215:3:000000000-B9JT7:1:1113:14389:220721:N:0:1;size=2;	a129d43d07f3c2a9a232859f9434fdba6b5fb93a;Struthio	100.000	312	0	0	1	312	70	381	1.70e-165	577
M02215:3:000000000-B9JT7:1:1114:10437:47291:N:0:1;size=2;	99dd62fa68b371af40b1495b9224664f7ba5d584;Alligator	98.722	313	4	0	1	313	1	313	2.23e-159	556
M02215:3:000000000-B9JT7:1:1114:17818:48641:N:0:1;size=2;	6ae7dd3f17778cf447b3b8835e02b8d724bbee39;Struthio	100.000	311	0	0	3	313	1	311	6.15e-165	575
M02215:3:000000000-B9JT7:1:2101:12832:143951:N:0:1;size=2;	99dd62fa68b371af40b1495b9224664f7ba5d584;Alligator	100.000	311	0	0	1	311	3	313	6.11e-165	575
M02215:3:000000000-B9JT7:1:2101:23201:51231:N:0:1;size=2;	99dd62fa68b371af40b1495b9224664f7ba5d584;Alligator	100.000	313	0	0	1	313	1	313	4.75e-166	579
M02215:3:000000000-B9JT7:1:2101:6715:102011:N:0:1;size=2;	99dd62fa68b371af40b1495b9224664f7ba5d584;Alligator	100.000	312	0	0	1	312	2	313	1.70e-165	577
M02215:3:000000000-B9JT7:1:2102:10937:59841:N:0:1;size=2;	99dd62fa68b371af40b1495b9224664f7ba5d584;Alligator	100.000	311	0	0	1	311	3	313	6.11e-165	575
M02215:3:000000000-B9JT7:1:2102:13673:114951:N:0:1;size=2;	6ae7dd3f17778cf447b3b8835e02b8d724bbee39;Struthio	100.000	311	0	0	1	311	1	311	6.11e-165	575
M02215:3:000000000-B9JT7:1:2102:18129:63271:N:0:1;size=2;	c93371c30c5c7bee584cc7bd1e5476f7e4483706;Alligator	99.357	311	2	0	2	312	1	311	1.33e-161	564
M02215:3:000000000-B9JT7:1:2102:6398:71471:N:0:1;size=2;	a129d43d07f3c2a9a232859f9434fdba6b5fb93a;Struthio	100.000	311	0	0	1	311	71	381	6.11e-165	575
M02215:3:000000000-B9JT7:1:2102:8301:125701:N:0:1;size=2;	99dd62fa68b371af40b1495b9224664f7ba5d584;Alligator	100.000	313	0	0	1	313	1	313	4.75e-166	579
M02215:3:000000000-B9JT7:1:2102:9207:206761:N:0:1;size=2;	a129d43d07f3c2a9a232859f9434fdba6b5fb93a;Struthio	100.000	312	0	0	1	312	70	381	1.70e-165	577
M02215:3:000000000-B9JT7:1:2103:13507:119911:N:0:1;size=2;	99dd62fa68b371af40b1495b9224664f7ba5d584;Alligator	100.000	312	0	0	1	312	2	313	1.55e-165	577
M02215:3:000000000-B9JT7:1:2103:20585:162491:N:0:1;size=2;	99dd62fa68b371af40b1495b9224664f7ba5d584;Alligator	100.000	311	0	0	1	311	3	313	6.11e-165	575
M02215:3:000000000-B9JT7:1:2103:7808:232781:N:0:1;size=2;	a129d43d07f3c2a9a232859f9434fdba6b5fb93a;Struthio	100.000	313	0	0	1	313	69	381	4.33e-166	579
M02215:3:000000000-B9JT7:1:2104:11196:83051:N:0:1;size=2;	99dd62fa68b371af40b1495b9224664f7ba5d584;Alligator	100.000	312	0	0	1	312	2	313	1.70e-165	577
M02215:3:000000000-B9JT7:1:2104:11313:250001:N:0:1;size=2;	6ae7dd3f17778cf447b3b8835e02b8d724bbee39;Struthio	100.000	311	0	0	1	311	1	311	6.11e-165	575
M02215:3:000000000-B9JT7:1:2104:19399:196311:N:0:1;size=2;	a129d43d07f3c2a9a232859f9434fdba6b5fb93a;Struthio	100.000	312	0	0	1	312	70	381	1.70e-165	577
M02215:3:000000000-B9JT7:1:2105:18521:220631:N:0:1;size=2;	a129d43d07f3c2a9a232859f9434fdba6b5fb93a;Struthio	100.000	313	0	0	1	313	69	381	4.75e-166	579
M02215:3:000000000-B9JT7:1:2105:19489:222021:N:0:1;size=2;	86f1aa026f06d79b60e877e9c05b306d90d52869;Struthio	98.392	311	5	0	2	312	1	311	1.34e-156	547
M02215:3:000000000-B9JT7:1:2105:22982:102471:N:0:1;size=2;	a129d43d07f3c2a9a232859f9434fdba6b5fb93a;Struthio	100.000	311	0	0	1	311	71	381	5.85e-165	575
M02215:3:000000000-B9JT7:1:2106:10943:248301:N:0:1;size=2;	99dd62fa68b371af40b1495b9224664f7ba5d584;Alligator	100.000	311	0	0	1	311	3	313	6.11e-165	575
M02215:3:000000000-B9JT7:1:2107:12979:151571:N:0:1;size=2;	99dd62fa68b371af40b1495b9224664f7ba5d584;Alligator	99.359	312	2	0	1	312	2	313	3.69e-162	566
M02215:3:000000000-B9JT7:1:2108:9924:170201:N:0:1;size=2;	c93371c30c5c7bee584cc7bd1e5476f7e4483706;Alligator	99.035	311	3	0	3	313	1	311	6.19e-160	558
M02215:3:000000000-B9JT7:1:2109:17384:91151:N:0:1;size=2;	99dd62fa68b371af40b1495b9224664f7ba5d584;Alligator	99.679	312	1	0	1	312	2	313	7.93e-164	571
M02215:3:000000000-B9JT7:1:2109:8493:133111:N:0:1;size=2;	51ec3e2037b76a8821418a0a5cd35c360f0dd1ed;Alligator	99.678	311	1	0	1	311	1	311	2.75e-163	569
