M02215:3:000000000-B9JT7:1:1101:18912:202341:N:0:1;size=9496;	882bcbeccf43f6ad24cd4dddc65e79df5feeaa78;Bathycoccus	98.788	330	4	0	1	330	1	330	7.90e-169	588
M02215:3:000000000-B9JT7:1:1101:13602:225321:N:0:1;size=283;	882bcbeccf43f6ad24cd4dddc65e79df5feeaa78;Bathycoccus	98.810	336	4	0	1	336	1	336	3.65e-172	599
M02215:3:000000000-B9JT7:1:1101:13124:26441:N:0:1;size=645;	882bcbeccf43f6ad24cd4dddc65e79df5feeaa78;Bathycoccus	99.091	330	3	0	1	330	1	330	1.68e-170	593
M02215:3:000000000-B9JT7:1:1101:22418:110561:N:0:1;size=40;	882bcbeccf43f6ad24cd4dddc65e79df5feeaa78;Bathycoccus	98.788	330	4	0	1	330	1	330	7.90e-169	588
M02215:3:000000000-B9JT7:1:1102:7830:183281:N:0:1;size=278;	b1a34b52e9dbe50cc0e7728a1c7595dcf1351f25;Littorina	100.000	313	0	0	1	313	1	313	4.71e-166	579
M02215:3:000000000-B9JT7:1:1101:8917:55611:N:0:1;size=113;	882bcbeccf43f6ad24cd4dddc65e79df5feeaa78;Bathycoccus	99.091	330	3	0	1	330	1	330	1.61e-170	593
M02215:3:000000000-B9JT7:1:1102:20224:198681:N:0:1;size=111;	882bcbeccf43f6ad24cd4dddc65e79df5feeaa78;Bathycoccus	98.780	328	4	0	1	328	1	328	9.59e-168	584
M02215:3:000000000-B9JT7:1:1101:11140:170571:N:0:1;size=17;	882bcbeccf43f6ad24cd4dddc65e79df5feeaa78;Bathycoccus	98.512	336	5	0	1	336	1	336	1.70e-170	593
M02215:3:000000000-B9JT7:1:1102:18733:129721:N:0:1;size=2986;	b1a34b52e9dbe50cc0e7728a1c7595dcf1351f25;Littorina	100.000	313	0	0	1	313	1	313	4.75e-166	579
M02215:3:000000000-B9JT7:1:1101:16660:26941:N:0:1;size=15;	882bcbeccf43f6ad24cd4dddc65e79df5feeaa78;Bathycoccus	98.512	336	5	0	1	336	1	336	1.70e-170	593
M02215:3:000000000-B9JT7:1:1102:19726:104331:N:0:1;size=15;	882bcbeccf43f6ad24cd4dddc65e79df5feeaa78;Bathycoccus	99.091	330	3	0	1	330	1	330	1.70e-170	593
M02215:3:000000000-B9JT7:1:1103:10646:89651:N:0:1;size=15;	b1a34b52e9dbe50cc0e7728a1c7595dcf1351f25;Littorina	100.000	313	0	0	1	313	1	313	4.75e-166	579
M02215:3:000000000-B9JT7:1:1102:5318:178031:N:0:1;size=14;	882bcbeccf43f6ad24cd4dddc65e79df5feeaa78;Bathycoccus	99.107	336	3	0	1	336	1	336	7.84e-174	604
M02215:3:000000000-B9JT7:1:1102:18101:156401:N:0:1;size=13;	882bcbeccf43f6ad24cd4dddc65e79df5feeaa78;Bathycoccus	98.810	336	4	0	1	336	1	336	3.65e-172	599
M02215:3:000000000-B9JT7:1:1101:14161:39891:N:0:1;size=12;	b1a34b52e9dbe50cc0e7728a1c7595dcf1351f25;Littorina	100.000	313	0	0	1	313	1	313	4.75e-166	579
M02215:3:000000000-B9JT7:1:1101:22727:187581:N:0:1;size=12;	882bcbeccf43f6ad24cd4dddc65e79df5feeaa78;Bathycoccus	99.394	330	2	0	1	330	1	330	3.65e-172	599
M02215:3:000000000-B9JT7:1:1102:2767:133771:N:0:1;size=30;	882bcbeccf43f6ad24cd4dddc65e79df5feeaa78;Bathycoccus	100.000	318	0	0	1	318	1	318	7.37e-169	588
M02215:3:000000000-B9JT7:1:1101:21923:42871:N:0:1;size=71;	882bcbeccf43f6ad24cd4dddc65e79df5feeaa78;Bathycoccus	98.788	330	4	0	1	330	1	330	7.58e-169	588
M02215:3:000000000-B9JT7:1:1101:24533:232461:N:0:1;size=506;	d92752cfdd8fd1a32b49db69adb3e1e7a3b4e8cc;Cyclotella	99.681	313	1	0	1	313	1	313	2.21e-164	573
M02215:3:000000000-B9JT7:1:1104:22107:178711:N:0:1;size=915;	a64ab751b69ad1c2dc45814951dd0b3fce5c88aa;Micromonas	100.000	313	0	0	1	313	1	313	4.75e-166	579
M02215:3:000000000-B9JT7:1:1102:23343:98471:N:0:1;size=15;	b1a34b52e9dbe50cc0e7728a1c7595dcf1351f25;Littorina	100.000	313	0	0	1	313	1	313	4.75e-166	579
M02215:3:000000000-B9JT7:1:1103:5163:123131:N:0:1;size=10;	882bcbeccf43f6ad24cd4dddc65e79df5feeaa78;Bathycoccus	98.795	332	3	1	1	332	1	331	2.20e-169	590
M02215:3:000000000-B9JT7:1:1101:11094:66191:N:0:1;size=9;	a64ab751b69ad1c2dc45814951dd0b3fce5c88aa;Micromonas	100.000	313	0	0	1	313	1	313	4.75e-166	579
M02215:3:000000000-B9JT7:1:1101:11729:268781:N:0:1;size=45;	a64ab751b69ad1c2dc45814951dd0b3fce5c88aa;Micromonas	100.000	313	0	0	1	313	1	313	4.71e-166	579
M02215:3:000000000-B9JT7:1:1101:16567:68861:N:0:1;size=9;	b1a34b52e9dbe50cc0e7728a1c7595dcf1351f25;Littorina	100.000	313	0	0	1	313	1	313	4.75e-166	579
M02215:3:000000000-B9JT7:1:1101:8487:125161:N:0:1;size=44;	a64ab751b69ad1c2dc45814951dd0b3fce5c88aa;Micromonas	100.000	313	0	0	1	313	1	313	4.75e-166	579
M02215:3:000000000-B9JT7:1:1102:14413:63421:N:0:1;size=11;	a64ab751b69ad1c2dc45814951dd0b3fce5c88aa;Micromonas	100.000	313	0	0	1	313	1	313	4.71e-166	579
M02215:3:000000000-B9JT7:1:1103:7174:87291:N:0:1;size=18;	b1a34b52e9dbe50cc0e7728a1c7595dcf1351f25;Littorina	100.000	313	0	0	1	313	1	313	4.75e-166	579
M02215:3:000000000-B9JT7:1:1104:6130:182231:N:0:1;size=69;	9ebd0bcbae3f4ee1f10ba13d858e85af17744e67;Homo	100.000	313	0	0	1	313	1	313	4.71e-166	579
M02215:3:000000000-B9JT7:1:1106:24677:121891:N:0:1;size=13;	a64ab751b69ad1c2dc45814951dd0b3fce5c88aa;Micromonas	100.000	313	0	0	1	313	1	313	4.75e-166	579
M02215:3:000000000-B9JT7:1:1101:11901:203261:N:0:1;size=18;	b1a34b52e9dbe50cc0e7728a1c7595dcf1351f25;Littorina	100.000	313	0	0	1	313	1	313	4.75e-166	579
M02215:3:000000000-B9JT7:1:1101:4238:184061:N:0:1;size=22;	9ebd0bcbae3f4ee1f10ba13d858e85af17744e67;Homo	100.000	312	0	0	1	312	2	313	1.69e-165	577
M02215:3:000000000-B9JT7:1:1101:8035:44451:N:0:1;size=8;	882bcbeccf43f6ad24cd4dddc65e79df5feeaa78;Bathycoccus	99.107	336	3	0	1	336	1	336	7.84e-174	604
M02215:3:000000000-B9JT7:1:1102:11606:97861:N:0:1;size=15;	b1a34b52e9dbe50cc0e7728a1c7595dcf1351f25;Littorina	100.000	313	0	0	1	313	1	313	4.75e-166	579
M02215:3:000000000-B9JT7:1:1102:19815:270901:N:0:1;size=8;	b1a34b52e9dbe50cc0e7728a1c7595dcf1351f25;Littorina	100.000	313	0	0	1	313	1	313	4.75e-166	579
M02215:3:000000000-B9JT7:1:1102:25897:86801:N:0:1;size=8;	882bcbeccf43f6ad24cd4dddc65e79df5feeaa78;Bathycoccus	98.810	336	4	0	1	336	1	336	3.59e-172	599
M02215:3:000000000-B9JT7:1:1103:11708:209641:N:0:1;size=158;	74bd536a982117e99a75e40240e0e3b1b1f81a5c;Triparma	100.000	313	0	0	1	313	1	313	4.75e-166	579
M02215:3:000000000-B9JT7:1:1103:17771:202011:N:0:1;size=21;	b1a34b52e9dbe50cc0e7728a1c7595dcf1351f25;Littorina	100.000	313	0	0	1	313	1	313	4.75e-166	579
M02215:3:000000000-B9JT7:1:1103:2554:131691:N:0:1;size=8;	b1a34b52e9dbe50cc0e7728a1c7595dcf1351f25;Littorina	100.000	313	0	0	1	313	1	313	4.75e-166	579
M02215:3:000000000-B9JT7:1:1104:13864:124241:N:0:1;size=8;	a64ab751b69ad1c2dc45814951dd0b3fce5c88aa;Micromonas	100.000	313	0	0	1	313	1	313	4.75e-166	579
M02215:3:000000000-B9JT7:1:1107:25801:82981:N:0:1;size=8;	882bcbeccf43f6ad24cd4dddc65e79df5feeaa78;Bathycoccus	98.810	336	4	0	1	336	1	336	3.65e-172	599
M02215:3:000000000-B9JT7:1:1109:12769:269091:N:0:1;size=29;	b1a34b52e9dbe50cc0e7728a1c7595dcf1351f25;Littorina	100.000	313	0	0	1	313	1	313	4.43e-166	579
M02215:3:000000000-B9JT7:1:1101:7599:202681:N:0:1;size=9;	882bcbeccf43f6ad24cd4dddc65e79df5feeaa78;Bathycoccus	99.688	321	1	0	1	321	1	321	7.37e-169	588
M02215:3:000000000-B9JT7:1:1102:16960:112521:N:0:1;size=7;	b1a34b52e9dbe50cc0e7728a1c7595dcf1351f25;Littorina	100.000	313	0	0	1	313	1	313	4.75e-166	579
M02215:3:000000000-B9JT7:1:1102:25555:186791:N:0:1;size=12;	882bcbeccf43f6ad24cd4dddc65e79df5feeaa78;Bathycoccus	98.806	335	4	0	1	335	1	335	1.26e-171	597
M02215:3:000000000-B9JT7:1:1103:5734:142641:N:0:1;size=19;	b1a34b52e9dbe50cc0e7728a1c7595dcf1351f25;Littorina	100.000	313	0	0	1	313	1	313	4.59e-166	579
M02215:3:000000000-B9JT7:1:1104:24538:200881:N:0:1;size=34;	882bcbeccf43f6ad24cd4dddc65e79df5feeaa78;Bathycoccus	99.091	330	3	0	1	330	1	330	1.65e-170	593
M02215:3:000000000-B9JT7:1:1106:8701:120281:N:0:1;size=629;	9ebd0bcbae3f4ee1f10ba13d858e85af17744e67;Homo	100.000	313	0	0	1	313	1	313	4.75e-166	579
M02215:3:000000000-B9JT7:1:1108:21105:68571:N:0:1;size=7;	b1a34b52e9dbe50cc0e7728a1c7595dcf1351f25;Littorina	100.000	313	0	0	1	313	1	313	4.75e-166	579
M02215:3:000000000-B9JT7:1:1101:10424:224561:N:0:1;size=18;	9ebd0bcbae3f4ee1f10ba13d858e85af17744e67;Homo	100.000	312	0	0	1	312	2	313	1.70e-165	577
M02215:3:000000000-B9JT7:1:1101:14382:143611:N:0:1;size=34;	882bcbeccf43f6ad24cd4dddc65e79df5feeaa78;Bathycoccus	98.788	330	4	0	1	330	1	330	7.63e-169	588
M02215:3:000000000-B9JT7:1:1101:15408:173031:N:0:1;size=6;	b1a34b52e9dbe50cc0e7728a1c7595dcf1351f25;Littorina	100.000	313	0	0	1	313	1	313	4.75e-166	579
M02215:3:000000000-B9JT7:1:1101:26155:132061:N:0:1;size=98;	9ebd0bcbae3f4ee1f10ba13d858e85af17744e67;Homo	100.000	312	0	0	1	312	2	313	1.70e-165	577
M02215:3:000000000-B9JT7:1:1101:2838:105921:N:0:1;size=17;	9ebd0bcbae3f4ee1f10ba13d858e85af17744e67;Homo	100.000	312	0	0	1	312	2	313	1.70e-165	577
M02215:3:000000000-B9JT7:1:1102:11101:143071:N:0:1;size=23;	9ebd0bcbae3f4ee1f10ba13d858e85af17744e67;Homo	100.000	313	0	0	1	313	1	313	4.75e-166	579
M02215:3:000000000-B9JT7:1:1102:11713:98231:N:0:1;size=6;	a64ab751b69ad1c2dc45814951dd0b3fce5c88aa;Micromonas	100.000	313	0	0	1	313	1	313	4.75e-166	579
M02215:3:000000000-B9JT7:1:1102:21406:119831:N:0:1;size=6;	b1a34b52e9dbe50cc0e7728a1c7595dcf1351f25;Littorina	100.000	313	0	0	1	313	1	313	4.75e-166	579
M02215:3:000000000-B9JT7:1:1102:22772:118961:N:0:1;size=6;	882bcbeccf43f6ad24cd4dddc65e79df5feeaa78;Bathycoccus	99.096	332	2	1	1	332	1	331	4.72e-171	595
M02215:3:000000000-B9JT7:1:1102:24589:48401:N:0:1;size=8;	9ebd0bcbae3f4ee1f10ba13d858e85af17744e67;Homo	100.000	312	0	0	1	312	2	313	1.70e-165	577
M02215:3:000000000-B9JT7:1:1103:10686:152331:N:0:1;size=6;	b1a34b52e9dbe50cc0e7728a1c7595dcf1351f25;Littorina	100.000	313	0	0	1	313	1	313	4.75e-166	579
M02215:3:000000000-B9JT7:1:1103:10881:174941:N:0:1;size=29;	a64ab751b69ad1c2dc45814951dd0b3fce5c88aa;Micromonas	100.000	313	0	0	1	313	1	313	4.75e-166	579
M02215:3:000000000-B9JT7:1:1103:6661:172651:N:0:1;size=22;	b1a34b52e9dbe50cc0e7728a1c7595dcf1351f25;Littorina	100.000	313	0	0	1	313	1	313	4.48e-166	579
M02215:3:000000000-B9JT7:1:1104:17079:245771:N:0:1;size=19;	9ebd0bcbae3f4ee1f10ba13d858e85af17744e67;Homo	100.000	313	0	0	1	313	1	313	4.75e-166	579
M02215:3:000000000-B9JT7:1:1104:20524:53441:N:0:1;size=15;	d92752cfdd8fd1a32b49db69adb3e1e7a3b4e8cc;Cyclotella	99.681	313	1	0	1	313	1	313	2.21e-164	573
M02215:3:000000000-B9JT7:1:1106:23792:69211:N:0:1;size=14;	9ebd0bcbae3f4ee1f10ba13d858e85af17744e67;Homo	100.000	312	0	0	1	312	2	313	1.70e-165	577
M02215:3:000000000-B9JT7:1:1108:11995:237421:N:0:1;size=33;	74bd536a982117e99a75e40240e0e3b1b1f81a5c;Triparma	100.000	313	0	0	1	313	1	313	4.71e-166	579
M02215:3:000000000-B9JT7:1:1109:20395:98521:N:0:1;size=6;	d92752cfdd8fd1a32b49db69adb3e1e7a3b4e8cc;Cyclotella	99.681	313	1	0	1	313	1	313	2.21e-164	573
M02215:3:000000000-B9JT7:1:1111:21507:46411:N:0:1;size=8;	b1a34b52e9dbe50cc0e7728a1c7595dcf1351f25;Littorina	100.000	313	0	0	1	313	1	313	4.75e-166	579
M02215:3:000000000-B9JT7:1:1101:10599:190501:N:0:1;size=9;	9ebd0bcbae3f4ee1f10ba13d858e85af17744e67;Homo	100.000	312	0	0	1	312	2	313	1.70e-165	577
M02215:3:000000000-B9JT7:1:1101:14317:108701:N:0:1;size=10;	a64ab751b69ad1c2dc45814951dd0b3fce5c88aa;Micromonas	100.000	313	0	0	1	313	1	313	4.75e-166	579
M02215:3:000000000-B9JT7:1:1101:16823:180101:N:0:1;size=5;	9ebd0bcbae3f4ee1f10ba13d858e85af17744e67;Homo	100.000	312	0	0	1	312	2	313	1.70e-165	577
M02215:3:000000000-B9JT7:1:1101:8684:111171:N:0:1;size=7;	d92752cfdd8fd1a32b49db69adb3e1e7a3b4e8cc;Cyclotella	99.681	313	1	0	1	313	1	313	2.10e-164	573
M02215:3:000000000-B9JT7:1:1102:19450:187971:N:0:1;size=5;	882bcbeccf43f6ad24cd4dddc65e79df5feeaa78;Bathycoccus	99.096	332	2	1	1	332	1	331	4.53e-171	595
M02215:3:000000000-B9JT7:1:1102:23198:105461:N:0:1;size=5;	882bcbeccf43f6ad24cd4dddc65e79df5feeaa78;Bathycoccus	99.394	330	2	0	1	330	1	330	3.59e-172	599
M02215:3:000000000-B9JT7:1:1102:6682:225031:N:0:1;size=21;	b1a34b52e9dbe50cc0e7728a1c7595dcf1351f25;Littorina	100.000	313	0	0	1	313	1	313	4.62e-166	579
M02215:3:000000000-B9JT7:1:1103:11273:250811:N:0:1;size=35;	d92752cfdd8fd1a32b49db69adb3e1e7a3b4e8cc;Cyclotella	99.681	313	1	0	1	313	1	313	2.19e-164	573
M02215:3:000000000-B9JT7:1:1103:11787:90801:N:0:1;size=8;	a64ab751b69ad1c2dc45814951dd0b3fce5c88aa;Micromonas	100.000	313	0	0	1	313	1	313	4.75e-166	579
M02215:3:000000000-B9JT7:1:1104:11280:39391:N:0:1;size=11;	d92752cfdd8fd1a32b49db69adb3e1e7a3b4e8cc;Cyclotella	99.681	313	1	0	1	313	1	313	2.19e-164	573
M02215:3:000000000-B9JT7:1:1104:15739:81691:N:0:1;size=8;	9ebd0bcbae3f4ee1f10ba13d858e85af17744e67;Homo	100.000	312	0	0	1	312	2	313	1.70e-165	577
M02215:3:000000000-B9JT7:1:1104:19169:200311:N:0:1;size=5;	882bcbeccf43f6ad24cd4dddc65e79df5feeaa78;Bathycoccus	98.795	332	3	1	1	332	1	331	2.20e-169	590
M02215:3:000000000-B9JT7:1:1104:19991:138701:N:0:1;size=5;	b1a34b52e9dbe50cc0e7728a1c7595dcf1351f25;Littorina	100.000	313	0	0	1	313	1	313	4.75e-166	579
M02215:3:000000000-B9JT7:1:1104:8138:251211:N:0:1;size=5;	882bcbeccf43f6ad24cd4dddc65e79df5feeaa78;Bathycoccus	99.405	336	2	0	1	336	1	336	1.69e-175	610
M02215:3:000000000-B9JT7:1:1105:20834:261441:N:0:1;size=5;	9ebd0bcbae3f4ee1f10ba13d858e85af17744e67;Homo	100.000	312	0	0	1	312	2	313	1.70e-165	577
M02215:3:000000000-B9JT7:1:1106:11765:176661:N:0:1;size=8;	d92752cfdd8fd1a32b49db69adb3e1e7a3b4e8cc;Cyclotella	99.681	313	1	0	1	313	1	313	2.21e-164	573
M02215:3:000000000-B9JT7:1:1106:15628:41011:N:0:1;size=31;	9ebd0bcbae3f4ee1f10ba13d858e85af17744e67;Homo	100.000	312	0	0	1	312	2	313	1.70e-165	577
M02215:3:000000000-B9JT7:1:1106:17590:63961:N:0:1;size=11;	882bcbeccf43f6ad24cd4dddc65e79df5feeaa78;Bathycoccus	100.000	317	0	0	1	317	1	317	2.57e-168	586
M02215:3:000000000-B9JT7:1:1106:4192:116371:N:0:1;size=5;	b1a34b52e9dbe50cc0e7728a1c7595dcf1351f25;Littorina	100.000	313	0	0	1	313	1	313	4.75e-166	579
M02215:3:000000000-B9JT7:1:1107:18372:45751:N:0:1;size=14;	9ebd0bcbae3f4ee1f10ba13d858e85af17744e67;Homo	100.000	313	0	0	1	313	1	313	4.75e-166	579
M02215:3:000000000-B9JT7:1:1107:2828:165821:N:0:1;size=5;	b1a34b52e9dbe50cc0e7728a1c7595dcf1351f25;Littorina	100.000	313	0	0	1	313	1	313	4.75e-166	579
M02215:3:000000000-B9JT7:1:1107:5011:218501:N:0:1;size=19;	b1a34b52e9dbe50cc0e7728a1c7595dcf1351f25;Littorina	100.000	313	0	0	1	313	1	313	4.52e-166	579
M02215:3:000000000-B9JT7:1:1108:21131:126781:N:0:1;size=5;	b1a34b52e9dbe50cc0e7728a1c7595dcf1351f25;Littorina	100.000	313	0	0	1	313	1	313	4.75e-166	579
M02215:3:000000000-B9JT7:1:1109:26289:94151:N:0:1;size=20;	882bcbeccf43f6ad24cd4dddc65e79df5feeaa78;Bathycoccus	98.810	336	4	0	1	336	1	336	3.55e-172	599
M02215:3:000000000-B9JT7:1:1114:12401:220621:N:0:1;size=5;	a64ab751b69ad1c2dc45814951dd0b3fce5c88aa;Micromonas	100.000	313	0	0	1	313	1	313	4.75e-166	579
M02215:3:000000000-B9JT7:1:1101:10140:245971:N:0:1;size=4;	b1a34b52e9dbe50cc0e7728a1c7595dcf1351f25;Littorina	100.000	313	0	0	1	313	1	313	4.75e-166	579
M02215:3:000000000-B9JT7:1:1101:11193:107391:N:0:1;size=4;	b1a34b52e9dbe50cc0e7728a1c7595dcf1351f25;Littorina	100.000	313	0	0	1	313	1	313	4.67e-166	579
M02215:3:000000000-B9JT7:1:1101:11540:129281:N:0:1;size=4;	a64ab751b69ad1c2dc45814951dd0b3fce5c88aa;Micromonas	100.000	313	0	0	1	313	1	313	4.75e-166	579
M02215:3:000000000-B9JT7:1:1101:11960:135211:N:0:1;size=7;	b1a34b52e9dbe50cc0e7728a1c7595dcf1351f25;Littorina	100.000	313	0	0	1	313	1	313	4.75e-166	579
M02215:3:000000000-B9JT7:1:1101:17677:236181:N:0:1;size=14;	b1a34b52e9dbe50cc0e7728a1c7595dcf1351f25;Littorina	100.000	313	0	0	1	313	1	313	4.59e-166	579
M02215:3:000000000-B9JT7:1:1101:20341:223251:N:0:1;size=4;	74bd536a982117e99a75e40240e0e3b1b1f81a5c;Triparma	100.000	313	0	0	1	313	1	313	4.75e-166	579
M02215:3:000000000-B9JT7:1:1101:22415:212291:N:0:1;size=8;	a64ab751b69ad1c2dc45814951dd0b3fce5c88aa;Micromonas	100.000	313	0	0	1	313	1	313	4.75e-166	579
M02215:3:000000000-B9JT7:1:1101:6042:191201:N:0:1;size=4;	b1a34b52e9dbe50cc0e7728a1c7595dcf1351f25;Littorina	100.000	313	0	0	1	313	1	313	4.71e-166	579
M02215:3:000000000-B9JT7:1:1101:7279:44251:N:0:1;size=4;	9ebd0bcbae3f4ee1f10ba13d858e85af17744e67;Homo	100.000	313	0	0	1	313	1	313	4.75e-166	579
M02215:3:000000000-B9JT7:1:1102:14028:163591:N:0:1;size=7;	74bd536a982117e99a75e40240e0e3b1b1f81a5c;Triparma	100.000	313	0	0	1	313	1	313	4.75e-166	579
M02215:3:000000000-B9JT7:1:1102:19236:237121:N:0:1;size=13;	9ebd0bcbae3f4ee1f10ba13d858e85af17744e67;Homo	100.000	313	0	0	1	313	1	313	4.75e-166	579
M02215:3:000000000-B9JT7:1:1102:23772:67051:N:0:1;size=7;	9ebd0bcbae3f4ee1f10ba13d858e85af17744e67;Homo	100.000	312	0	0	1	312	2	313	1.70e-165	577
M02215:3:000000000-B9JT7:1:1103:17065:180611:N:0:1;size=4;	d92752cfdd8fd1a32b49db69adb3e1e7a3b4e8cc;Cyclotella	99.681	313	1	0	1	313	1	313	2.21e-164	573
M02215:3:000000000-B9JT7:1:1103:22507:185791:N:0:1;size=4;	a64ab751b69ad1c2dc45814951dd0b3fce5c88aa;Micromonas	100.000	313	0	0	1	313	1	313	4.75e-166	579
M02215:3:000000000-B9JT7:1:1103:28924:161291:N:0:1;size=4;	d92752cfdd8fd1a32b49db69adb3e1e7a3b4e8cc;Cyclotella	99.681	313	1	0	1	313	1	313	2.21e-164	573
M02215:3:000000000-B9JT7:1:1103:4047:123501:N:0:1;size=12;	9ebd0bcbae3f4ee1f10ba13d858e85af17744e67;Homo	100.000	312	0	0	1	312	2	313	1.70e-165	577
M02215:3:000000000-B9JT7:1:1104:15063:168841:N:0:1;size=11;	74bd536a982117e99a75e40240e0e3b1b1f81a5c;Triparma	100.000	313	0	0	1	313	1	313	4.75e-166	579
M02215:3:000000000-B9JT7:1:1104:18277:219411:N:0:1;size=4;	b1a34b52e9dbe50cc0e7728a1c7595dcf1351f25;Littorina	100.000	313	0	0	1	313	1	313	4.75e-166	579
M02215:3:000000000-B9JT7:1:1104:19360:38641:N:0:1;size=7;	9ebd0bcbae3f4ee1f10ba13d858e85af17744e67;Homo	100.000	312	0	0	1	312	2	313	1.70e-165	577
M02215:3:000000000-B9JT7:1:1104:24188:178831:N:0:1;size=19;	b1a34b52e9dbe50cc0e7728a1c7595dcf1351f25;Littorina	100.000	313	0	0	1	313	1	313	4.56e-166	579
M02215:3:000000000-B9JT7:1:1105:18200:131551:N:0:1;size=6;	a64ab751b69ad1c2dc45814951dd0b3fce5c88aa;Micromonas	100.000	313	0	0	1	313	1	313	4.62e-166	579
M02215:3:000000000-B9JT7:1:1105:6035:178391:N:0:1;size=4;	9ebd0bcbae3f4ee1f10ba13d858e85af17744e67;Homo	100.000	312	0	0	1	312	2	313	1.70e-165	577
M02215:3:000000000-B9JT7:1:1105:9131:38391:N:0:1;size=8;	9ebd0bcbae3f4ee1f10ba13d858e85af17744e67;Homo	100.000	312	0	0	1	312	2	313	1.70e-165	577
M02215:3:000000000-B9JT7:1:1106:17487:122561:N:0:1;size=4;	9ebd0bcbae3f4ee1f10ba13d858e85af17744e67;Homo	100.000	312	0	0	1	312	2	313	1.70e-165	577
M02215:3:000000000-B9JT7:1:1106:25888:202671:N:0:1;size=4;	882bcbeccf43f6ad24cd4dddc65e79df5feeaa78;Bathycoccus	98.810	336	4	0	1	336	1	336	3.53e-172	599
M02215:3:000000000-B9JT7:1:1106:2839:129861:N:0:1;size=4;	d92752cfdd8fd1a32b49db69adb3e1e7a3b4e8cc;Cyclotella	99.681	313	1	0	1	313	1	313	2.21e-164	573
M02215:3:000000000-B9JT7:1:1106:5529:122721:N:0:1;size=6;	a68693b3043b9d50a8c7e70db541da55c9a7d24d;Pseudocalanus	99.681	313	1	0	1	313	1	313	2.21e-164	573
M02215:3:000000000-B9JT7:1:1107:14385:135031:N:0:1;size=4;	d92752cfdd8fd1a32b49db69adb3e1e7a3b4e8cc;Cyclotella	99.681	313	1	0	1	313	1	313	2.21e-164	573
M02215:3:000000000-B9JT7:1:1107:16789:253361:N:0:1;size=4;	a64ab751b69ad1c2dc45814951dd0b3fce5c88aa;Micromonas	100.000	313	0	0	1	313	1	313	4.75e-166	579
M02215:3:000000000-B9JT7:1:1107:2236:142401:N:0:1;size=7;	9ebd0bcbae3f4ee1f10ba13d858e85af17744e67;Homo	100.000	313	0	0	1	313	1	313	4.75e-166	579
M02215:3:000000000-B9JT7:1:1107:22461:219741:N:0:1;size=4;	a64ab751b69ad1c2dc45814951dd0b3fce5c88aa;Micromonas	100.000	313	0	0	1	313	1	313	4.75e-166	579
M02215:3:000000000-B9JT7:1:1107:25856:159731:N:0:1;size=4;	a64ab751b69ad1c2dc45814951dd0b3fce5c88aa;Micromonas	100.000	313	0	0	1	313	1	313	4.75e-166	579
M02215:3:000000000-B9JT7:1:1107:27645:125961:N:0:1;size=15;	b1a34b52e9dbe50cc0e7728a1c7595dcf1351f25;Littorina	100.000	313	0	0	1	313	1	313	4.62e-166	579
M02215:3:000000000-B9JT7:1:1108:23107:231521:N:0:1;size=4;	d92752cfdd8fd1a32b49db69adb3e1e7a3b4e8cc;Cyclotella	99.681	313	1	0	1	313	1	313	2.21e-164	573
M02215:3:000000000-B9JT7:1:1108:25416:110931:N:0:1;size=4;	9ebd0bcbae3f4ee1f10ba13d858e85af17744e67;Homo	100.000	313	0	0	1	313	1	313	4.75e-166	579
M02215:3:000000000-B9JT7:1:1109:14608:116971:N:0:1;size=4;	a64ab751b69ad1c2dc45814951dd0b3fce5c88aa;Micromonas	100.000	313	0	0	1	313	1	313	4.75e-166	579
M02215:3:000000000-B9JT7:1:1109:20690:203631:N:0:1;size=4;	a64ab751b69ad1c2dc45814951dd0b3fce5c88aa;Micromonas	100.000	313	0	0	1	313	1	313	4.75e-166	579
M02215:3:000000000-B9JT7:1:1109:25560:165811:N:0:1;size=4;	9ebd0bcbae3f4ee1f10ba13d858e85af17744e67;Homo	100.000	312	0	0	1	312	2	313	1.55e-165	577
M02215:3:000000000-B9JT7:1:1109:7043:162841:N:0:1;size=4;	d92752cfdd8fd1a32b49db69adb3e1e7a3b4e8cc;Cyclotella	99.681	313	1	0	1	313	1	313	2.21e-164	573
M02215:3:000000000-B9JT7:1:1110:11258:44091:N:0:1;size=6;	14e21ec9b37d5162dc34cd67d5d5b38e896ff4af;Bathycoccus	100.000	313	0	0	1	313	1	313	4.71e-166	579
M02215:3:000000000-B9JT7:1:1111:27242:122471:N:0:1;size=4;	9ebd0bcbae3f4ee1f10ba13d858e85af17744e67;Homo	100.000	313	0	0	1	313	1	313	4.75e-166	579
M02215:3:000000000-B9JT7:1:1111:3975:105481:N:0:1;size=4;	a64ab751b69ad1c2dc45814951dd0b3fce5c88aa;Micromonas	100.000	313	0	0	1	313	1	313	4.62e-166	579
M02215:3:000000000-B9JT7:1:1112:18946:83271:N:0:1;size=13;	74bd536a982117e99a75e40240e0e3b1b1f81a5c;Triparma	100.000	313	0	0	1	313	1	313	4.75e-166	579
M02215:3:000000000-B9JT7:1:1112:26399:160271:N:0:1;size=4;	74bd536a982117e99a75e40240e0e3b1b1f81a5c;Triparma	100.000	313	0	0	1	313	1	313	4.75e-166	579
M02215:3:000000000-B9JT7:1:1113:14481:256381:N:0:1;size=6;	9ebd0bcbae3f4ee1f10ba13d858e85af17744e67;Homo	100.000	313	0	0	1	313	1	313	4.75e-166	579
M02215:3:000000000-B9JT7:1:1114:9707:50341:N:0:1;size=7;	74bd536a982117e99a75e40240e0e3b1b1f81a5c;Triparma	100.000	313	0	0	1	313	1	313	4.75e-166	579
M02215:3:000000000-B9JT7:1:2101:17466:58781:N:0:1;size=4;	74bd536a982117e99a75e40240e0e3b1b1f81a5c;Triparma	100.000	313	0	0	1	313	1	313	4.75e-166	579
M02215:3:000000000-B9JT7:1:2101:4307:77991:N:0:1;size=4;	882bcbeccf43f6ad24cd4dddc65e79df5feeaa78;Bathycoccus	98.512	336	5	0	1	336	1	336	1.67e-170	593
M02215:3:000000000-B9JT7:1:1101:12999:202671:N:0:1;size=3;	9ebd0bcbae3f4ee1f10ba13d858e85af17744e67;Homo	100.000	312	0	0	1	312	2	313	1.70e-165	577
M02215:3:000000000-B9JT7:1:1101:14652:187691:N:0:1;size=38;	a68693b3043b9d50a8c7e70db541da55c9a7d24d;Pseudocalanus	99.361	313	2	0	1	313	1	313	1.03e-162	568
M02215:3:000000000-B9JT7:1:1101:14832:31441:N:0:1;size=6;	882bcbeccf43f6ad24cd4dddc65e79df5feeaa78;Bathycoccus	98.810	336	4	0	1	336	1	336	3.57e-172	599
M02215:3:000000000-B9JT7:1:1101:15905:126161:N:0:1;size=3;	9ebd0bcbae3f4ee1f10ba13d858e85af17744e67;Homo	100.000	313	0	0	1	313	1	313	4.75e-166	579
M02215:3:000000000-B9JT7:1:1101:18410:208521:N:0:1;size=5;	a64ab751b69ad1c2dc45814951dd0b3fce5c88aa;Micromonas	100.000	313	0	0	1	313	1	313	4.75e-166	579
M02215:3:000000000-B9JT7:1:1101:20529:260021:N:0:1;size=3;	74bd536a982117e99a75e40240e0e3b1b1f81a5c;Triparma	100.000	313	0	0	1	313	1	313	4.75e-166	579
M02215:3:000000000-B9JT7:1:1101:20946:197641:N:0:1;size=3;	9ebd0bcbae3f4ee1f10ba13d858e85af17744e67;Homo	100.000	313	0	0	1	313	1	313	4.75e-166	579
M02215:3:000000000-B9JT7:1:1101:21482:259911:N:0:1;size=5;	d92752cfdd8fd1a32b49db69adb3e1e7a3b4e8cc;Cyclotella	99.681	313	1	0	1	313	1	313	2.21e-164	573
M02215:3:000000000-B9JT7:1:1101:29654:141121:N:0:1;size=5;	b1a34b52e9dbe50cc0e7728a1c7595dcf1351f25;Littorina	100.000	313	0	0	1	313	1	313	4.75e-166	579
M02215:3:000000000-B9JT7:1:1101:7375:47401:N:0:1;size=6;	74bd536a982117e99a75e40240e0e3b1b1f81a5c;Triparma	100.000	313	0	0	1	313	1	313	4.75e-166	579
M02215:3:000000000-B9JT7:1:1102:10158:214461:N:0:1;size=3;	882bcbeccf43f6ad24cd4dddc65e79df5feeaa78;Bathycoccus	98.788	330	4	0	1	330	1	330	7.90e-169	588
M02215:3:000000000-B9JT7:1:1102:10507:257931:N:0:1;size=3;	9ebd0bcbae3f4ee1f10ba13d858e85af17744e67;Homo	100.000	313	0	0	1	313	1	313	4.46e-166	579
M02215:3:000000000-B9JT7:1:1102:11149:47571:N:0:1;size=3;	d92752cfdd8fd1a32b49db69adb3e1e7a3b4e8cc;Cyclotella	99.681	313	1	0	1	313	1	313	2.21e-164	573
M02215:3:000000000-B9JT7:1:1102:12236:79651:N:0:1;size=3;	9ebd0bcbae3f4ee1f10ba13d858e85af17744e67;Homo	100.000	313	0	0	1	313	1	313	4.75e-166	579
M02215:3:000000000-B9JT7:1:1102:12250:147331:N:0:1;size=5;	9ebd0bcbae3f4ee1f10ba13d858e85af17744e67;Homo	100.000	313	0	0	1	313	1	313	4.75e-166	579
M02215:3:000000000-B9JT7:1:1102:13836:188101:N:0:1;size=7;	a68693b3043b9d50a8c7e70db541da55c9a7d24d;Pseudocalanus	99.681	313	1	0	1	313	1	313	2.21e-164	573
M02215:3:000000000-B9JT7:1:1102:13949:106981:N:0:1;size=3;	882bcbeccf43f6ad24cd4dddc65e79df5feeaa78;Bathycoccus	98.810	336	4	0	1	336	1	336	3.65e-172	599
M02215:3:000000000-B9JT7:1:1102:14440:82401:N:0:1;size=3;	74bd536a982117e99a75e40240e0e3b1b1f81a5c;Triparma	100.000	313	0	0	1	313	1	313	4.75e-166	579
M02215:3:000000000-B9JT7:1:1102:16496:83011:N:0:1;size=3;	9ebd0bcbae3f4ee1f10ba13d858e85af17744e67;Homo	100.000	312	0	0	1	312	2	313	1.70e-165	577
M02215:3:000000000-B9JT7:1:1102:16526:145701:N:0:1;size=5;	9ebd0bcbae3f4ee1f10ba13d858e85af17744e67;Homo	100.000	312	0	0	1	312	2	313	1.70e-165	577
M02215:3:000000000-B9JT7:1:1102:17501:122781:N:0:1;size=5;	a68693b3043b9d50a8c7e70db541da55c9a7d24d;Pseudocalanus	99.681	313	1	0	1	313	1	313	2.21e-164	573
M02215:3:000000000-B9JT7:1:1102:21071:214391:N:0:1;size=3;	9ebd0bcbae3f4ee1f10ba13d858e85af17744e67;Homo	100.000	313	0	0	1	313	1	313	4.75e-166	579
M02215:3:000000000-B9JT7:1:1102:24665:174671:N:0:1;size=7;	a68693b3043b9d50a8c7e70db541da55c9a7d24d;Pseudocalanus	99.681	313	1	0	1	313	1	313	2.21e-164	573
M02215:3:000000000-B9JT7:1:1102:25141:239821:N:0:1;size=7;	a68693b3043b9d50a8c7e70db541da55c9a7d24d;Pseudocalanus	99.681	313	1	0	1	313	1	313	2.21e-164	573
M02215:3:000000000-B9JT7:1:1102:8539:74311:N:0:1;size=3;	b1a34b52e9dbe50cc0e7728a1c7595dcf1351f25;Littorina	100.000	313	0	0	1	313	1	313	4.75e-166	579
M02215:3:000000000-B9JT7:1:1102:8921:115141:N:0:1;size=3;	9ebd0bcbae3f4ee1f10ba13d858e85af17744e67;Homo	100.000	312	0	0	1	312	2	313	1.65e-165	577
M02215:3:000000000-B9JT7:1:1102:9156:86891:N:0:1;size=3;	882bcbeccf43f6ad24cd4dddc65e79df5feeaa78;Bathycoccus	98.512	336	5	0	1	336	1	336	1.70e-170	593
M02215:3:000000000-B9JT7:1:1102:9397:277961:N:0:1;size=3;	d92752cfdd8fd1a32b49db69adb3e1e7a3b4e8cc;Cyclotella	99.681	313	1	0	1	313	1	313	2.21e-164	573
M02215:3:000000000-B9JT7:1:1103:12366:77661:N:0:1;size=3;	74bd536a982117e99a75e40240e0e3b1b1f81a5c;Triparma	100.000	313	0	0	1	313	1	313	4.75e-166	579
M02215:3:000000000-B9JT7:1:1103:12490:129701:N:0:1;size=3;	a64ab751b69ad1c2dc45814951dd0b3fce5c88aa;Micromonas	100.000	313	0	0	1	313	1	313	4.75e-166	579
M02215:3:000000000-B9JT7:1:1103:18413:222311:N:0:1;size=3;	32162e451e12cdf5cf3628007e99b0efa1ba946b;Phaeocystis	100.000	313	0	0	1	313	1	313	4.58e-166	579
M02215:3:000000000-B9JT7:1:1103:18471:217001:N:0:1;size=5;	9ebd0bcbae3f4ee1f10ba13d858e85af17744e67;Homo	100.000	313	0	0	1	313	1	313	4.75e-166	579
M02215:3:000000000-B9JT7:1:1103:23961:183971:N:0:1;size=3;	d92752cfdd8fd1a32b49db69adb3e1e7a3b4e8cc;Cyclotella	99.681	313	1	0	1	313	1	313	2.21e-164	573
M02215:3:000000000-B9JT7:1:1103:25716:237261:N:0:1;size=5;	9ebd0bcbae3f4ee1f10ba13d858e85af17744e67;Homo	100.000	312	0	0	1	312	2	313	1.70e-165	577
M02215:3:000000000-B9JT7:1:1103:2745:130591:N:0:1;size=3;	9ebd0bcbae3f4ee1f10ba13d858e85af17744e67;Homo	100.000	313	0	0	1	313	1	313	4.75e-166	579
M02215:3:000000000-B9JT7:1:1103:27536:190921:N:0:1;size=3;	9ebd0bcbae3f4ee1f10ba13d858e85af17744e67;Homo	100.000	312	0	0	1	312	2	313	1.70e-165	577
M02215:3:000000000-B9JT7:1:1103:5563:214801:N:0:1;size=3;	9ebd0bcbae3f4ee1f10ba13d858e85af17744e67;Homo	100.000	312	0	0	1	312	2	313	1.70e-165	577
M02215:3:000000000-B9JT7:1:1103:5941:85221:N:0:1;size=3;	9ebd0bcbae3f4ee1f10ba13d858e85af17744e67;Homo	100.000	312	0	0	1	312	2	313	1.70e-165	577
M02215:3:000000000-B9JT7:1:1103:6988:145741:N:0:1;size=3;	9ebd0bcbae3f4ee1f10ba13d858e85af17744e67;Homo	100.000	313	0	0	1	313	1	313	4.75e-166	579
M02215:3:000000000-B9JT7:1:1103:8940:167541:N:0:1;size=5;	d92752cfdd8fd1a32b49db69adb3e1e7a3b4e8cc;Cyclotella	99.681	313	1	0	1	313	1	313	2.07e-164	573
M02215:3:000000000-B9JT7:1:1103:9264:130381:N:0:1;size=3;	a68693b3043b9d50a8c7e70db541da55c9a7d24d;Pseudocalanus	99.681	313	1	0	1	313	1	313	2.19e-164	573
M02215:3:000000000-B9JT7:1:1104:12056:194861:N:0:1;size=3;	b1a34b52e9dbe50cc0e7728a1c7595dcf1351f25;Littorina	100.000	313	0	0	1	313	1	313	4.75e-166	579
M02215:3:000000000-B9JT7:1:1104:16282:157891:N:0:1;size=3;	b1a34b52e9dbe50cc0e7728a1c7595dcf1351f25;Littorina	100.000	313	0	0	1	313	1	313	4.75e-166	579
M02215:3:000000000-B9JT7:1:1104:19688:171061:N:0:1;size=3;	32162e451e12cdf5cf3628007e99b0efa1ba946b;Phaeocystis	100.000	313	0	0	1	313	1	313	4.52e-166	579
M02215:3:000000000-B9JT7:1:1104:23981:176871:N:0:1;size=3;	b1a34b52e9dbe50cc0e7728a1c7595dcf1351f25;Littorina	100.000	313	0	0	1	313	1	313	4.75e-166	579
M02215:3:000000000-B9JT7:1:1104:25798:128201:N:0:1;size=3;	d92752cfdd8fd1a32b49db69adb3e1e7a3b4e8cc;Cyclotella	99.681	313	1	0	1	313	1	313	2.21e-164	573
M02215:3:000000000-B9JT7:1:1104:9922:210911:N:0:1;size=8;	74bd536a982117e99a75e40240e0e3b1b1f81a5c;Triparma	100.000	313	0	0	1	313	1	313	4.75e-166	579
M02215:3:000000000-B9JT7:1:1105:11164:244071:N:0:1;size=6;	9ebd0bcbae3f4ee1f10ba13d858e85af17744e67;Homo	100.000	312	0	0	1	312	2	313	1.70e-165	577
M02215:3:000000000-B9JT7:1:1105:12263:55241:N:0:1;size=3;	a68693b3043b9d50a8c7e70db541da55c9a7d24d;Pseudocalanus	99.681	313	1	0	1	313	1	313	2.21e-164	573
M02215:3:000000000-B9JT7:1:1105:13932:157041:N:0:1;size=3;	74bd536a982117e99a75e40240e0e3b1b1f81a5c;Triparma	100.000	313	0	0	1	313	1	313	4.75e-166	579
M02215:3:000000000-B9JT7:1:1105:14651:158071:N:0:1;size=3;	a64ab751b69ad1c2dc45814951dd0b3fce5c88aa;Micromonas	100.000	313	0	0	1	313	1	313	4.75e-166	579
M02215:3:000000000-B9JT7:1:1105:15048:72071:N:0:1;size=6;	d92752cfdd8fd1a32b49db69adb3e1e7a3b4e8cc;Cyclotella	99.681	313	1	0	1	313	1	313	2.21e-164	573
M02215:3:000000000-B9JT7:1:1105:19464:186221:N:0:1;size=3;	a68693b3043b9d50a8c7e70db541da55c9a7d24d;Pseudocalanus	99.681	313	1	0	1	313	1	313	2.21e-164	573
M02215:3:000000000-B9JT7:1:1105:20260:121471:N:0:1;size=3;	d92752cfdd8fd1a32b49db69adb3e1e7a3b4e8cc;Cyclotella	99.361	313	2	0	1	313	1	313	1.02e-162	568
M02215:3:000000000-B9JT7:1:1105:20782:283341:N:0:1;size=5;	a64ab751b69ad1c2dc45814951dd0b3fce5c88aa;Micromonas	100.000	313	0	0	1	313	1	313	4.75e-166	579
M02215:3:000000000-B9JT7:1:1105:22842:207561:N:0:1;size=3;	a64ab751b69ad1c2dc45814951dd0b3fce5c88aa;Micromonas	100.000	313	0	0	1	313	1	313	4.75e-166	579
M02215:3:000000000-B9JT7:1:1105:2871:140271:N:0:1;size=3;	a68693b3043b9d50a8c7e70db541da55c9a7d24d;Pseudocalanus	99.361	313	2	0	1	313	1	313	1.03e-162	568
M02215:3:000000000-B9JT7:1:1106:12444:226031:N:0:1;size=3;	d92752cfdd8fd1a32b49db69adb3e1e7a3b4e8cc;Cyclotella	99.681	313	1	0	1	313	1	313	2.21e-164	573
M02215:3:000000000-B9JT7:1:1106:14636:116751:N:0:1;size=3;	b1a34b52e9dbe50cc0e7728a1c7595dcf1351f25;Littorina	100.000	313	0	0	1	313	1	313	4.75e-166	579
M02215:3:000000000-B9JT7:1:1106:22136:160411:N:0:1;size=3;	882bcbeccf43f6ad24cd4dddc65e79df5feeaa78;Bathycoccus	99.091	330	3	0	1	330	1	330	1.70e-170	593
M02215:3:000000000-B9JT7:1:1106:8954:179601:N:0:1;size=3;	d92752cfdd8fd1a32b49db69adb3e1e7a3b4e8cc;Cyclotella	99.361	313	2	0	1	313	1	313	1.03e-162	568
M02215:3:000000000-B9JT7:1:1106:9406:87731:N:0:1;size=6;	74bd536a982117e99a75e40240e0e3b1b1f81a5c;Triparma	100.000	313	0	0	1	313	1	313	4.75e-166	579
M02215:3:000000000-B9JT7:1:1107:14281:65381:N:0:1;size=3;	74bd536a982117e99a75e40240e0e3b1b1f81a5c;Triparma	100.000	313	0	0	1	313	1	313	4.75e-166	579
M02215:3:000000000-B9JT7:1:1107:14695:227121:N:0:1;size=11;	a64ab751b69ad1c2dc45814951dd0b3fce5c88aa;Micromonas	100.000	313	0	0	1	313	1	313	4.59e-166	579
M02215:3:000000000-B9JT7:1:1107:15239:204541:N:0:1;size=3;	d92752cfdd8fd1a32b49db69adb3e1e7a3b4e8cc;Cyclotella	99.681	313	1	0	1	313	1	313	2.21e-164	573
M02215:3:000000000-B9JT7:1:1107:18095:81371:N:0:1;size=3;	b1a34b52e9dbe50cc0e7728a1c7595dcf1351f25;Littorina	100.000	313	0	0	1	313	1	313	4.75e-166	579
M02215:3:000000000-B9JT7:1:1107:18138:151041:N:0:1;size=3;	74bd536a982117e99a75e40240e0e3b1b1f81a5c;Triparma	100.000	313	0	0	1	313	1	313	4.75e-166	579
M02215:3:000000000-B9JT7:1:1107:23561:131081:N:0:1;size=3;	d92752cfdd8fd1a32b49db69adb3e1e7a3b4e8cc;Cyclotella	99.681	313	1	0	1	313	1	313	2.21e-164	573
M02215:3:000000000-B9JT7:1:1107:7299:112861:N:0:1;size=3;	a68693b3043b9d50a8c7e70db541da55c9a7d24d;Pseudocalanus	99.681	313	1	0	1	313	1	313	2.21e-164	573
M02215:3:000000000-B9JT7:1:1107:7812:78721:N:0:1;size=3;	74bd536a982117e99a75e40240e0e3b1b1f81a5c;Triparma	100.000	313	0	0	1	313	1	313	4.75e-166	579
M02215:3:000000000-B9JT7:1:1107:9923:159351:N:0:1;size=3;	a64ab751b69ad1c2dc45814951dd0b3fce5c88aa;Micromonas	100.000	313	0	0	1	313	1	313	4.75e-166	579
M02215:3:000000000-B9JT7:1:1108:10113:246371:N:0:1;size=3;	a64ab751b69ad1c2dc45814951dd0b3fce5c88aa;Micromonas	100.000	313	0	0	1	313	1	313	4.75e-166	579
M02215:3:000000000-B9JT7:1:1108:15405:164761:N:0:1;size=3;	12b98cb34776b20c1af3092b34deaa79d36c190a;Maculaura	99.684	316	1	0	1	316	1	316	4.80e-166	579
M02215:3:000000000-B9JT7:1:1108:16511:226801:N:0:1;size=3;	d92752cfdd8fd1a32b49db69adb3e1e7a3b4e8cc;Cyclotella	99.681	313	1	0	1	313	1	313	2.21e-164	573
M02215:3:000000000-B9JT7:1:1108:16864:102381:N:0:1;size=6;	a64ab751b69ad1c2dc45814951dd0b3fce5c88aa;Micromonas	100.000	313	0	0	1	313	1	313	4.75e-166	579
M02215:3:000000000-B9JT7:1:1108:18211:186321:N:0:1;size=5;	a64ab751b69ad1c2dc45814951dd0b3fce5c88aa;Micromonas	100.000	313	0	0	1	313	1	313	4.48e-166	579
M02215:3:000000000-B9JT7:1:1108:18745:129461:N:0:1;size=5;	d92752cfdd8fd1a32b49db69adb3e1e7a3b4e8cc;Cyclotella	99.681	313	1	0	1	313	1	313	2.21e-164	573
M02215:3:000000000-B9JT7:1:1108:7941:258401:N:0:1;size=3;	9ebd0bcbae3f4ee1f10ba13d858e85af17744e67;Homo	100.000	312	0	0	1	312	2	313	1.70e-165	577
M02215:3:000000000-B9JT7:1:1108:9193:128381:N:0:1;size=3;	a64ab751b69ad1c2dc45814951dd0b3fce5c88aa;Micromonas	100.000	313	0	0	1	313	1	313	4.75e-166	579
M02215:3:000000000-B9JT7:1:1109:14935:284611:N:0:1;size=3;	9ebd0bcbae3f4ee1f10ba13d858e85af17744e67;Homo	100.000	313	0	0	1	313	1	313	4.75e-166	579
M02215:3:000000000-B9JT7:1:1109:21898:90311:N:0:1;size=3;	882bcbeccf43f6ad24cd4dddc65e79df5feeaa78;Bathycoccus	100.000	318	0	0	1	318	1	318	7.32e-169	588
M02215:3:000000000-B9JT7:1:1109:3629:164811:N:0:1;size=3;	9ebd0bcbae3f4ee1f10ba13d858e85af17744e67;Homo	100.000	313	0	0	1	313	1	313	4.71e-166	579
M02215:3:000000000-B9JT7:1:1109:8473:154101:N:0:1;size=3;	b1a34b52e9dbe50cc0e7728a1c7595dcf1351f25;Littorina	100.000	313	0	0	1	313	1	313	4.58e-166	579
M02215:3:000000000-B9JT7:1:1110:12123:219711:N:0:1;size=3;	9ebd0bcbae3f4ee1f10ba13d858e85af17744e67;Homo	100.000	312	0	0	1	312	2	313	1.70e-165	577
M02215:3:000000000-B9JT7:1:1110:25854:164171:N:0:1;size=5;	b1a34b52e9dbe50cc0e7728a1c7595dcf1351f25;Littorina	100.000	313	0	0	1	313	1	313	4.67e-166	579
M02215:3:000000000-B9JT7:1:1110:6889:81311:N:0:1;size=3;	9ebd0bcbae3f4ee1f10ba13d858e85af17744e67;Homo	100.000	313	0	0	1	313	1	313	4.75e-166	579
M02215:3:000000000-B9JT7:1:1110:7416:215741:N:0:1;size=7;	a64ab751b69ad1c2dc45814951dd0b3fce5c88aa;Micromonas	100.000	313	0	0	1	313	1	313	4.68e-166	579
M02215:3:000000000-B9JT7:1:1111:20098:25001:N:0:1;size=3;	d92752cfdd8fd1a32b49db69adb3e1e7a3b4e8cc;Cyclotella	99.681	313	1	0	1	313	1	313	2.21e-164	573
M02215:3:000000000-B9JT7:1:1111:6246:151141:N:0:1;size=5;	74bd536a982117e99a75e40240e0e3b1b1f81a5c;Triparma	100.000	313	0	0	1	313	1	313	4.75e-166	579
M02215:3:000000000-B9JT7:1:1112:10375:188331:N:0:1;size=3;	a64ab751b69ad1c2dc45814951dd0b3fce5c88aa;Micromonas	100.000	313	0	0	1	313	1	313	4.75e-166	579
M02215:3:000000000-B9JT7:1:1112:11941:52341:N:0:1;size=7;	9ebd0bcbae3f4ee1f10ba13d858e85af17744e67;Homo	100.000	313	0	0	1	313	1	313	4.43e-166	579
M02215:3:000000000-B9JT7:1:1112:16837:176201:N:0:1;size=3;	d92752cfdd8fd1a32b49db69adb3e1e7a3b4e8cc;Cyclotella	99.681	313	1	0	1	313	1	313	2.21e-164	573
M02215:3:000000000-B9JT7:1:1112:25327:254921:N:0:1;size=3;	d92752cfdd8fd1a32b49db69adb3e1e7a3b4e8cc;Cyclotella	99.681	313	1	0	1	313	1	313	2.21e-164	573
M02215:3:000000000-B9JT7:1:1113:14396:111051:N:0:1;size=3;	74bd536a982117e99a75e40240e0e3b1b1f81a5c;Triparma	100.000	313	0	0	1	313	1	313	4.62e-166	579
M02215:3:000000000-B9JT7:1:1113:20145:150341:N:0:1;size=3;	b1a34b52e9dbe50cc0e7728a1c7595dcf1351f25;Littorina	100.000	313	0	0	1	313	1	313	4.75e-166	579
M02215:3:000000000-B9JT7:1:1113:6954:133811:N:0:1;size=5;	9ebd0bcbae3f4ee1f10ba13d858e85af17744e67;Homo	100.000	312	0	0	1	312	2	313	1.70e-165	577
M02215:3:000000000-B9JT7:1:1114:26077:216961:N:0:1;size=3;	d92752cfdd8fd1a32b49db69adb3e1e7a3b4e8cc;Cyclotella	99.681	313	1	0	1	313	1	313	2.21e-164	573
M02215:3:000000000-B9JT7:1:1114:5468:175241:N:0:1;size=5;	9ebd0bcbae3f4ee1f10ba13d858e85af17744e67;Homo	100.000	313	0	0	1	313	1	313	4.62e-166	579
M02215:3:000000000-B9JT7:1:2101:19052:101511:N:0:1;size=3;	d92752cfdd8fd1a32b49db69adb3e1e7a3b4e8cc;Cyclotella	99.681	313	1	0	1	313	1	313	2.21e-164	573
M02215:3:000000000-B9JT7:1:2102:24530:227311:N:0:1;size=3;	74bd536a982117e99a75e40240e0e3b1b1f81a5c;Triparma	100.000	313	0	0	1	313	1	313	4.75e-166	579
M02215:3:000000000-B9JT7:1:2104:14416:130001:N:0:1;size=3;	d92752cfdd8fd1a32b49db69adb3e1e7a3b4e8cc;Cyclotella	99.361	313	2	0	1	313	1	313	1.03e-162	568
M02215:3:000000000-B9JT7:1:2106:4393:115331:N:0:1;size=3;	a64ab751b69ad1c2dc45814951dd0b3fce5c88aa;Micromonas	100.000	313	0	0	1	313	1	313	4.75e-166	579
M02215:3:000000000-B9JT7:1:2107:9872:187781:N:0:1;size=6;	d92752cfdd8fd1a32b49db69adb3e1e7a3b4e8cc;Cyclotella	99.361	313	2	0	1	313	1	313	1.03e-162	568
M02215:3:000000000-B9JT7:1:2108:9711:95901:N:0:1;size=3;	a64ab751b69ad1c2dc45814951dd0b3fce5c88aa;Micromonas	100.000	313	0	0	1	313	1	313	4.75e-166	579
M02215:3:000000000-B9JT7:1:1101:11101:242651:N:0:1;size=2;	882bcbeccf43f6ad24cd4dddc65e79df5feeaa78;Bathycoccus	98.214	336	6	0	1	336	1	336	7.90e-169	588
M02215:3:000000000-B9JT7:1:1101:11915:265981:N:0:1;size=2;	74bd536a982117e99a75e40240e0e3b1b1f81a5c;Triparma	100.000	313	0	0	1	313	1	313	4.75e-166	579
M02215:3:000000000-B9JT7:1:1101:13291:87161:N:0:1;size=2;	74bd536a982117e99a75e40240e0e3b1b1f81a5c;Triparma	100.000	313	0	0	1	313	1	313	4.75e-166	579
M02215:3:000000000-B9JT7:1:1101:13584:75701:N:0:1;size=2;	a64ab751b69ad1c2dc45814951dd0b3fce5c88aa;Micromonas	99.681	313	1	0	1	313	1	313	2.21e-164	573
M02215:3:000000000-B9JT7:1:1101:15968:136951:N:0:1;size=4;	6f98e637735b187cd156c79b8f022a0bc63d5fc5;Micromonas	100.000	313	0	0	1	313	1	313	4.71e-166	579
M02215:3:000000000-B9JT7:1:1101:17530:155181:N:0:1;size=2;	ecbcc3bd709776326a720729ad74c020c160aa3a;Chlorella	100.000	313	0	0	1	313	1	313	4.75e-166	579
M02215:3:000000000-B9JT7:1:1101:18397:80761:N:0:1;size=2;	32162e451e12cdf5cf3628007e99b0efa1ba946b;Phaeocystis	100.000	313	0	0	1	313	1	313	4.75e-166	579
M02215:3:000000000-B9JT7:1:1101:18810:75881:N:0:1;size=2;	6f98e637735b187cd156c79b8f022a0bc63d5fc5;Micromonas	100.000	313	0	0	1	313	1	313	4.75e-166	579
M02215:3:000000000-B9JT7:1:1101:19341:65141:N:0:1;size=2;	d92752cfdd8fd1a32b49db69adb3e1e7a3b4e8cc;Cyclotella	99.361	313	2	0	1	313	1	313	1.03e-162	568
M02215:3:000000000-B9JT7:1:1101:20832:43991:N:0:1;size=2;	d92752cfdd8fd1a32b49db69adb3e1e7a3b4e8cc;Cyclotella	99.361	313	2	0	1	313	1	313	1.03e-162	568
M02215:3:000000000-B9JT7:1:1101:2086:151311:N:0:1;size=2;	d92752cfdd8fd1a32b49db69adb3e1e7a3b4e8cc;Cyclotella	99.361	313	2	0	1	313	1	313	1.03e-162	568
M02215:3:000000000-B9JT7:1:1101:21182:244741:N:0:1;size=2;	882bcbeccf43f6ad24cd4dddc65e79df5feeaa78;Bathycoccus	98.214	336	6	0	1	336	1	336	7.63e-169	588
M02215:3:000000000-B9JT7:1:1101:22913:111941:N:0:1;size=2;	9ebd0bcbae3f4ee1f10ba13d858e85af17744e67;Homo	100.000	312	0	0	1	312	2	313	1.68e-165	577
M02215:3:000000000-B9JT7:1:1101:23024:203141:N:0:1;size=2;	74bd536a982117e99a75e40240e0e3b1b1f81a5c;Triparma	100.000	313	0	0	1	313	1	313	4.68e-166	579
M02215:3:000000000-B9JT7:1:1101:24136:178461:N:0:1;size=2;	b57949f2759ef72fe986ab28e641f624ddef6661;Chordariaceae	100.000	313	0	0	1	313	1	313	4.75e-166	579
M02215:3:000000000-B9JT7:1:1101:24845:66721:N:0:1;size=4;	882bcbeccf43f6ad24cd4dddc65e79df5feeaa78;Bathycoccus	100.000	318	0	0	1	318	1	318	7.22e-169	588
M02215:3:000000000-B9JT7:1:1101:26078:213501:N:0:1;size=2;	12b98cb34776b20c1af3092b34deaa79d36c190a;Maculaura	99.684	316	1	0	1	316	1	316	4.80e-166	579
M02215:3:000000000-B9JT7:1:1101:27704:183031:N:0:1;size=2;	b1a34b52e9dbe50cc0e7728a1c7595dcf1351f25;Littorina	100.000	313	0	0	1	313	1	313	4.65e-166	579
M02215:3:000000000-B9JT7:1:1101:28030:158161:N:0:1;size=2;	a68693b3043b9d50a8c7e70db541da55c9a7d24d;Pseudocalanus	99.361	313	2	0	1	313	1	313	1.03e-162	568
M02215:3:000000000-B9JT7:1:1101:29548:148591:N:0:1;size=2;	a64ab751b69ad1c2dc45814951dd0b3fce5c88aa;Micromonas	100.000	313	0	0	1	313	1	313	4.71e-166	579
M02215:3:000000000-B9JT7:1:1101:7556:95331:N:0:1;size=2;	74bd536a982117e99a75e40240e0e3b1b1f81a5c;Triparma	100.000	313	0	0	1	313	1	313	4.75e-166	579
M02215:3:000000000-B9JT7:1:1101:8001:43551:N:0:1;size=4;	ecbcc3bd709776326a720729ad74c020c160aa3a;Chlorella	100.000	313	0	0	1	313	1	313	4.75e-166	579
M02215:3:000000000-B9JT7:1:1101:8383:236191:N:0:1;size=2;	9ebd0bcbae3f4ee1f10ba13d858e85af17744e67;Homo	100.000	313	0	0	1	313	1	313	4.52e-166	579
M02215:3:000000000-B9JT7:1:1102:10155:212071:N:0:1;size=2;	a68693b3043b9d50a8c7e70db541da55c9a7d24d;Pseudocalanus	99.361	313	2	0	1	313	1	313	1.03e-162	568
M02215:3:000000000-B9JT7:1:1102:12107:112501:N:0:1;size=2;	9ebd0bcbae3f4ee1f10ba13d858e85af17744e67;Homo	100.000	313	0	0	1	313	1	313	4.71e-166	579
M02215:3:000000000-B9JT7:1:1102:12495:225351:N:0:1;size=2;	32162e451e12cdf5cf3628007e99b0efa1ba946b;Phaeocystis	100.000	313	0	0	1	313	1	313	4.75e-166	579
M02215:3:000000000-B9JT7:1:1102:12827:195901:N:0:1;size=2;	a64ab751b69ad1c2dc45814951dd0b3fce5c88aa;Micromonas	100.000	313	0	0	1	313	1	313	4.72e-166	579
M02215:3:000000000-B9JT7:1:1102:14879:58701:N:0:1;size=4;	12b98cb34776b20c1af3092b34deaa79d36c190a;Maculaura	99.684	316	1	0	1	316	1	316	4.80e-166	579
M02215:3:000000000-B9JT7:1:1102:16755:240711:N:0:1;size=2;	b1a34b52e9dbe50cc0e7728a1c7595dcf1351f25;Littorina	100.000	313	0	0	1	313	1	313	4.75e-166	579
M02215:3:000000000-B9JT7:1:1102:17329:127961:N:0:1;size=2;	b1a34b52e9dbe50cc0e7728a1c7595dcf1351f25;Littorina	100.000	313	0	0	1	313	1	313	4.75e-166	579
M02215:3:000000000-B9JT7:1:1102:17703:144371:N:0:1;size=2;	882bcbeccf43f6ad24cd4dddc65e79df5feeaa78;Bathycoccus	98.512	336	5	0	1	336	1	336	1.70e-170	593
M02215:3:000000000-B9JT7:1:1102:21262:50571:N:0:1;size=2;	a68693b3043b9d50a8c7e70db541da55c9a7d24d;Pseudocalanus	99.361	313	2	0	1	313	1	313	1.03e-162	568
M02215:3:000000000-B9JT7:1:1102:21576:178521:N:0:1;size=4;	6f98e637735b187cd156c79b8f022a0bc63d5fc5;Micromonas	100.000	313	0	0	1	313	1	313	4.75e-166	579
M02215:3:000000000-B9JT7:1:1102:23540:163011:N:0:1;size=2;	d92752cfdd8fd1a32b49db69adb3e1e7a3b4e8cc;Cyclotella	99.681	313	1	0	1	313	1	313	2.05e-164	573
M02215:3:000000000-B9JT7:1:1102:26922:150621:N:0:1;size=2;	d92752cfdd8fd1a32b49db69adb3e1e7a3b4e8cc;Cyclotella	99.361	313	2	0	1	313	1	313	9.69e-163	568
M02215:3:000000000-B9JT7:1:1102:27475:130071:N:0:1;size=2;	9ebd0bcbae3f4ee1f10ba13d858e85af17744e67;Homo	100.000	312	0	0	1	312	2	313	1.70e-165	577
M02215:3:000000000-B9JT7:1:1102:4711:217891:N:0:1;size=2;	74bd536a982117e99a75e40240e0e3b1b1f81a5c;Triparma	100.000	313	0	0	1	313	1	313	4.75e-166	579
M02215:3:000000000-B9JT7:1:1102:5303:134231:N:0:1;size=2;	9ebd0bcbae3f4ee1f10ba13d858e85af17744e67;Homo	100.000	313	0	0	1	313	1	313	4.75e-166	579
M02215:3:000000000-B9JT7:1:1102:6912:186131:N:0:1;size=2;	9ebd0bcbae3f4ee1f10ba13d858e85af17744e67;Homo	100.000	313	0	0	1	313	1	313	4.75e-166	579
M02215:3:000000000-B9JT7:1:1102:8637:86391:N:0:1;size=2;	9ebd0bcbae3f4ee1f10ba13d858e85af17744e67;Homo	100.000	312	0	0	1	312	2	313	1.70e-165	577
M02215:3:000000000-B9JT7:1:1102:8915:125771:N:0:1;size=2;	74bd536a982117e99a75e40240e0e3b1b1f81a5c;Triparma	100.000	313	0	0	1	313	1	313	4.75e-166	579
M02215:3:000000000-B9JT7:1:1103:11266:185231:N:0:1;size=2;	9ebd0bcbae3f4ee1f10ba13d858e85af17744e67;Homo	100.000	312	0	0	1	312	2	313	1.70e-165	577
M02215:3:000000000-B9JT7:1:1103:12339:160091:N:0:1;size=2;	d92752cfdd8fd1a32b49db69adb3e1e7a3b4e8cc;Cyclotella	99.361	313	2	0	1	313	1	313	1.03e-162	568
M02215:3:000000000-B9JT7:1:1103:12449:115981:N:0:1;size=4;	d92752cfdd8fd1a32b49db69adb3e1e7a3b4e8cc;Cyclotella	99.681	313	1	0	1	313	1	313	2.12e-164	573
M02215:3:000000000-B9JT7:1:1103:13947:72531:N:0:1;size=2;	a64ab751b69ad1c2dc45814951dd0b3fce5c88aa;Micromonas	100.000	313	0	0	1	313	1	313	4.68e-166	579
M02215:3:000000000-B9JT7:1:1103:13976:243231:N:0:1;size=2;	9ebd0bcbae3f4ee1f10ba13d858e85af17744e67;Homo	100.000	312	0	0	1	312	2	313	1.62e-165	577
M02215:3:000000000-B9JT7:1:1103:14692:183321:N:0:1;size=4;	ecbcc3bd709776326a720729ad74c020c160aa3a;Chlorella	100.000	313	0	0	1	313	1	313	4.75e-166	579
M02215:3:000000000-B9JT7:1:1103:15596:136271:N:0:1;size=4;	882bcbeccf43f6ad24cd4dddc65e79df5feeaa78;Bathycoccus	98.214	336	6	0	1	336	1	336	7.90e-169	588
M02215:3:000000000-B9JT7:1:1103:17296:102211:N:0:1;size=2;	a64ab751b69ad1c2dc45814951dd0b3fce5c88aa;Micromonas	100.000	312	0	0	2	313	2	313	1.71e-165	577
M02215:3:000000000-B9JT7:1:1103:17694:32271:N:0:1;size=2;	882bcbeccf43f6ad24cd4dddc65e79df5feeaa78;Bathycoccus	97.917	336	7	0	1	336	1	336	3.67e-167	582
M02215:3:000000000-B9JT7:1:1103:17748:158391:N:0:1;size=2;	a68693b3043b9d50a8c7e70db541da55c9a7d24d;Pseudocalanus	99.681	313	1	0	1	313	1	313	2.21e-164	573
M02215:3:000000000-B9JT7:1:1103:18853:85101:N:0:1;size=2;	af7152e514a5fe07118bba71dc8d72265671a7d5;Macrocystis	100.000	313	0	0	1	313	1	313	4.75e-166	579
M02215:3:000000000-B9JT7:1:1103:19417:99111:N:0:1;size=2;	32162e451e12cdf5cf3628007e99b0efa1ba946b;Phaeocystis	100.000	313	0	0	1	313	1	313	4.75e-166	579
M02215:3:000000000-B9JT7:1:1103:22810:273071:N:0:1;size=2;	882bcbeccf43f6ad24cd4dddc65e79df5feeaa78;Bathycoccus	98.788	330	4	0	1	330	1	330	7.87e-169	588
M02215:3:000000000-B9JT7:1:1103:23414:71221:N:0:1;size=2;	882bcbeccf43f6ad24cd4dddc65e79df5feeaa78;Bathycoccus	99.091	330	3	0	1	330	1	330	1.70e-170	593
M02215:3:000000000-B9JT7:1:1103:23675:161961:N:0:1;size=2;	882bcbeccf43f6ad24cd4dddc65e79df5feeaa78;Bathycoccus	98.810	336	4	0	1	336	1	336	3.65e-172	599
M02215:3:000000000-B9JT7:1:1103:28210:128041:N:0:1;size=2;	ecbcc3bd709776326a720729ad74c020c160aa3a;Chlorella	100.000	313	0	0	1	313	1	313	4.75e-166	579
M02215:3:000000000-B9JT7:1:1103:28355:141491:N:0:1;size=2;	74bd536a982117e99a75e40240e0e3b1b1f81a5c;Triparma	100.000	313	0	0	1	313	1	313	4.75e-166	579
M02215:3:000000000-B9JT7:1:1103:4680:223841:N:0:1;size=2;	74bd536a982117e99a75e40240e0e3b1b1f81a5c;Triparma	100.000	313	0	0	1	313	1	313	4.75e-166	579
M02215:3:000000000-B9JT7:1:1103:9867:192001:N:0:1;size=4;	ecbcc3bd709776326a720729ad74c020c160aa3a;Chlorella	100.000	313	0	0	1	313	1	313	4.75e-166	579
M02215:3:000000000-B9JT7:1:1103:9943:183401:N:0:1;size=2;	d87b2533ea898e0a791edc1c8dd0de6cca373c73;Phaeocystis	83.660	306	50	0	2	307	2	307	8.97e-79	289
M02215:3:000000000-B9JT7:1:1104:10676:25251:N:0:1;size=2;	d92752cfdd8fd1a32b49db69adb3e1e7a3b4e8cc;Cyclotella	99.681	313	1	0	1	313	1	313	2.21e-164	573
M02215:3:000000000-B9JT7:1:1104:11467:192421:N:0:1;size=2;	9ebd0bcbae3f4ee1f10ba13d858e85af17744e67;Homo	100.000	313	0	0	1	313	1	313	4.75e-166	579
M02215:3:000000000-B9JT7:1:1104:12891:187691:N:0:1;size=8;	a64ab751b69ad1c2dc45814951dd0b3fce5c88aa;Micromonas	100.000	313	0	0	1	313	1	313	4.71e-166	579
M02215:3:000000000-B9JT7:1:1104:14413:242811:N:0:1;size=2;	d92752cfdd8fd1a32b49db69adb3e1e7a3b4e8cc;Cyclotella	99.681	313	1	0	1	313	1	313	2.21e-164	573
M02215:3:000000000-B9JT7:1:1104:14731:169601:N:0:1;size=2;	74bd536a982117e99a75e40240e0e3b1b1f81a5c;Triparma	100.000	313	0	0	1	313	1	313	4.75e-166	579
M02215:3:000000000-B9JT7:1:1104:15113:184611:N:0:1;size=2;	6f98e637735b187cd156c79b8f022a0bc63d5fc5;Micromonas	100.000	313	0	0	1	313	1	313	4.75e-166	579
M02215:3:000000000-B9JT7:1:1104:15380:275471:N:0:1;size=2;	74bd536a982117e99a75e40240e0e3b1b1f81a5c;Triparma	100.000	313	0	0	1	313	1	313	4.75e-166	579
M02215:3:000000000-B9JT7:1:1104:15763:107121:N:0:1;size=2;	a68693b3043b9d50a8c7e70db541da55c9a7d24d;Pseudocalanus	99.681	313	1	0	1	313	1	313	2.21e-164	573
M02215:3:000000000-B9JT7:1:1104:19929:254521:N:0:1;size=2;	b1a34b52e9dbe50cc0e7728a1c7595dcf1351f25;Littorina	100.000	313	0	0	1	313	1	313	4.75e-166	579
M02215:3:000000000-B9JT7:1:1104:21327:116251:N:0:1;size=2;	74bd536a982117e99a75e40240e0e3b1b1f81a5c;Triparma	100.000	313	0	0	1	313	1	313	4.75e-166	579
M02215:3:000000000-B9JT7:1:1104:22411:178571:N:0:1;size=2;	882bcbeccf43f6ad24cd4dddc65e79df5feeaa78;Bathycoccus	98.485	330	5	0	1	330	1	330	3.67e-167	582
M02215:3:000000000-B9JT7:1:1104:22936:173871:N:0:1;size=2;	d92752cfdd8fd1a32b49db69adb3e1e7a3b4e8cc;Cyclotella	99.681	313	1	0	1	313	1	313	2.21e-164	573
M02215:3:000000000-B9JT7:1:1104:23008:57821:N:0:1;size=8;	12b98cb34776b20c1af3092b34deaa79d36c190a;Maculaura	99.684	316	1	0	1	316	1	316	4.80e-166	579
M02215:3:000000000-B9JT7:1:1104:27596:133331:N:0:1;size=2;	14e21ec9b37d5162dc34cd67d5d5b38e896ff4af;Bathycoccus	100.000	313	0	0	1	313	1	313	4.75e-166	579
M02215:3:000000000-B9JT7:1:1104:27729:217741:N:0:1;size=2;	9ebd0bcbae3f4ee1f10ba13d858e85af17744e67;Homo	100.000	313	0	0	1	313	1	313	4.75e-166	579
M02215:3:000000000-B9JT7:1:1104:8824:41861:N:0:1;size=2;	b1a34b52e9dbe50cc0e7728a1c7595dcf1351f25;Littorina	100.000	313	0	0	1	313	1	313	4.75e-166	579
M02215:3:000000000-B9JT7:1:1104:9002:219391:N:0:1;size=2;	9ebd0bcbae3f4ee1f10ba13d858e85af17744e67;Homo	100.000	313	0	0	1	313	1	313	4.55e-166	579
M02215:3:000000000-B9JT7:1:1105:11472:95871:N:0:1;size=2;	d92752cfdd8fd1a32b49db69adb3e1e7a3b4e8cc;Cyclotella	99.681	313	1	0	1	313	1	313	2.21e-164	573
M02215:3:000000000-B9JT7:1:1105:11975:242521:N:0:1;size=2;	a68693b3043b9d50a8c7e70db541da55c9a7d24d;Pseudocalanus	99.681	313	1	0	1	313	1	313	2.10e-164	573
M02215:3:000000000-B9JT7:1:1105:12872:155891:N:0:1;size=2;	d92752cfdd8fd1a32b49db69adb3e1e7a3b4e8cc;Cyclotella	99.361	313	2	0	1	313	1	313	9.69e-163	568
M02215:3:000000000-B9JT7:1:1105:12872:231971:N:0:1;size=2;	b1a34b52e9dbe50cc0e7728a1c7595dcf1351f25;Littorina	100.000	313	0	0	1	313	1	313	4.75e-166	579
M02215:3:000000000-B9JT7:1:1105:13139:263461:N:0:1;size=2;	d92752cfdd8fd1a32b49db69adb3e1e7a3b4e8cc;Cyclotella	99.361	313	2	0	1	313	1	313	1.03e-162	568
M02215:3:000000000-B9JT7:1:1105:16856:36201:N:0:1;size=2;	32162e451e12cdf5cf3628007e99b0efa1ba946b;Phaeocystis	100.000	313	0	0	1	313	1	313	4.75e-166	579
M02215:3:000000000-B9JT7:1:1105:17180:46771:N:0:1;size=2;	882bcbeccf43f6ad24cd4dddc65e79df5feeaa78;Bathycoccus	98.795	332	3	1	1	332	1	331	2.20e-169	590
M02215:3:000000000-B9JT7:1:1105:17898:63941:N:0:1;size=2;	74bd536a982117e99a75e40240e0e3b1b1f81a5c;Triparma	100.000	313	0	0	1	313	1	313	4.75e-166	579
M02215:3:000000000-B9JT7:1:1105:18445:111291:N:0:1;size=2;	12b98cb34776b20c1af3092b34deaa79d36c190a;Maculaura	99.684	316	1	0	1	316	1	316	4.64e-166	579
M02215:3:000000000-B9JT7:1:1105:20544:147421:N:0:1;size=2;	882bcbeccf43f6ad24cd4dddc65e79df5feeaa78;Bathycoccus	98.529	340	5	0	1	340	1	340	1.01e-172	601
M02215:3:000000000-B9JT7:1:1105:22566:224451:N:0:1;size=2;	d92752cfdd8fd1a32b49db69adb3e1e7a3b4e8cc;Cyclotella	99.361	313	2	0	1	313	1	313	1.03e-162	568
M02215:3:000000000-B9JT7:1:1105:26518:232401:N:0:1;size=2;	882bcbeccf43f6ad24cd4dddc65e79df5feeaa78;Bathycoccus	98.485	330	5	0	1	330	1	330	3.67e-167	582
M02215:3:000000000-B9JT7:1:1105:26522:173521:N:0:1;size=2;	a68693b3043b9d50a8c7e70db541da55c9a7d24d;Pseudocalanus	99.679	312	1	0	1	312	1	312	7.88e-164	571
M02215:3:000000000-B9JT7:1:1105:2895:139381:N:0:1;size=2;	12b98cb34776b20c1af3092b34deaa79d36c190a;Maculaura	99.684	316	1	0	1	316	1	316	4.80e-166	579
M02215:3:000000000-B9JT7:1:1105:4176:173171:N:0:1;size=2;	74bd536a982117e99a75e40240e0e3b1b1f81a5c;Triparma	99.644	281	1	0	33	313	33	313	1.36e-146	514
M02215:3:000000000-B9JT7:1:1105:5983:99761:N:0:1;size=2;	9ebd0bcbae3f4ee1f10ba13d858e85af17744e67;Homo	100.000	312	0	0	1	312	2	313	1.70e-165	577
M02215:3:000000000-B9JT7:1:1105:6822:162931:N:0:1;size=2;	d92752cfdd8fd1a32b49db69adb3e1e7a3b4e8cc;Cyclotella	99.681	313	1	0	1	313	1	313	2.21e-164	573
M02215:3:000000000-B9JT7:1:1106:11557:237181:N:0:1;size=2;	a64ab751b69ad1c2dc45814951dd0b3fce5c88aa;Micromonas	100.000	313	0	0	1	313	1	313	4.75e-166	579
M02215:3:000000000-B9JT7:1:1106:15750:270461:N:0:1;size=2;	36a62c766befb37d7b3aba4f083b7bfea68a54a4;Thalassiosirales	100.000	313	0	0	1	313	1	313	4.75e-166	579
M02215:3:000000000-B9JT7:1:1106:15794:223611:N:0:1;size=2;	b1a34b52e9dbe50cc0e7728a1c7595dcf1351f25;Littorina	100.000	313	0	0	1	313	1	313	4.33e-166	579
M02215:3:000000000-B9JT7:1:1106:18424:216141:N:0:1;size=2;	74bd536a982117e99a75e40240e0e3b1b1f81a5c;Triparma	100.000	313	0	0	1	313	1	313	4.75e-166	579
M02215:3:000000000-B9JT7:1:1106:18452:206881:N:0:1;size=2;	b1a34b52e9dbe50cc0e7728a1c7595dcf1351f25;Littorina	100.000	313	0	0	1	313	1	313	4.75e-166	579
M02215:3:000000000-B9JT7:1:1106:19081:274621:N:0:1;size=2;	b1a34b52e9dbe50cc0e7728a1c7595dcf1351f25;Littorina	100.000	313	0	0	1	313	1	313	4.75e-166	579
M02215:3:000000000-B9JT7:1:1106:20888:120031:N:0:1;size=2;	9ebd0bcbae3f4ee1f10ba13d858e85af17744e67;Homo	100.000	313	0	0	1	313	1	313	4.75e-166	579
M02215:3:000000000-B9JT7:1:1106:22765:267101:N:0:1;size=2;	ecbcc3bd709776326a720729ad74c020c160aa3a;Chlorella	100.000	313	0	0	1	313	1	313	4.69e-166	579
M02215:3:000000000-B9JT7:1:1106:22953:58611:N:0:1;size=4;	a64ab751b69ad1c2dc45814951dd0b3fce5c88aa;Micromonas	100.000	313	0	0	1	313	1	313	4.75e-166	579
M02215:3:000000000-B9JT7:1:1106:24178:57531:N:0:1;size=2;	9ebd0bcbae3f4ee1f10ba13d858e85af17744e67;Homo	100.000	313	0	0	1	313	1	313	4.75e-166	579
M02215:3:000000000-B9JT7:1:1106:27019:74201:N:0:1;size=2;	b1a34b52e9dbe50cc0e7728a1c7595dcf1351f25;Littorina	100.000	313	0	0	1	313	1	313	4.75e-166	579
M02215:3:000000000-B9JT7:1:1106:28357:173351:N:0:1;size=2;	a68693b3043b9d50a8c7e70db541da55c9a7d24d;Pseudocalanus	99.361	313	2	0	1	313	1	313	1.03e-162	568
M02215:3:000000000-B9JT7:1:1106:9272:48381:N:0:1;size=2;	9ebd0bcbae3f4ee1f10ba13d858e85af17744e67;Homo	100.000	312	0	0	1	312	2	313	1.66e-165	577
M02215:3:000000000-B9JT7:1:1107:10531:142261:N:0:1;size=2;	d92752cfdd8fd1a32b49db69adb3e1e7a3b4e8cc;Cyclotella	99.681	313	1	0	1	313	1	313	2.21e-164	573
M02215:3:000000000-B9JT7:1:1107:13056:243051:N:0:1;size=2;	d92752cfdd8fd1a32b49db69adb3e1e7a3b4e8cc;Cyclotella	99.681	313	1	0	1	313	1	313	2.21e-164	573
M02215:3:000000000-B9JT7:1:1107:14898:230081:N:0:1;size=2;	af7152e514a5fe07118bba71dc8d72265671a7d5;Macrocystis	100.000	313	0	0	1	313	1	313	4.75e-166	579
M02215:3:000000000-B9JT7:1:1107:15303:41561:N:0:1;size=2;	d92752cfdd8fd1a32b49db69adb3e1e7a3b4e8cc;Cyclotella	99.681	313	1	0	1	313	1	313	2.17e-164	573
M02215:3:000000000-B9JT7:1:1107:15384:60041:N:0:1;size=2;	9ebd0bcbae3f4ee1f10ba13d858e85af17744e67;Homo	100.000	313	0	0	1	313	1	313	4.75e-166	579
M02215:3:000000000-B9JT7:1:1107:16768:87591:N:0:1;size=2;	74bd536a982117e99a75e40240e0e3b1b1f81a5c;Triparma	100.000	313	0	0	1	313	1	313	4.75e-166	579
M02215:3:000000000-B9JT7:1:1107:17964:50521:N:0:1;size=2;	12b98cb34776b20c1af3092b34deaa79d36c190a;Maculaura	99.684	316	1	0	1	316	1	316	4.80e-166	579
M02215:3:000000000-B9JT7:1:1107:18443:265831:N:0:1;size=2;	74bd536a982117e99a75e40240e0e3b1b1f81a5c;Triparma	100.000	313	0	0	1	313	1	313	4.75e-166	579
M02215:3:000000000-B9JT7:1:1107:19055:32421:N:0:1;size=2;	9ebd0bcbae3f4ee1f10ba13d858e85af17744e67;Homo	100.000	312	0	0	1	312	2	313	1.63e-165	577
M02215:3:000000000-B9JT7:1:1107:19727:196641:N:0:1;size=2;	9ebd0bcbae3f4ee1f10ba13d858e85af17744e67;Homo	100.000	312	0	0	1	312	2	313	1.70e-165	577
M02215:3:000000000-B9JT7:1:1107:20013:84701:N:0:1;size=2;	74bd536a982117e99a75e40240e0e3b1b1f81a5c;Triparma	100.000	313	0	0	1	313	1	313	4.75e-166	579
M02215:3:000000000-B9JT7:1:1107:20748:87581:N:0:1;size=2;	d92752cfdd8fd1a32b49db69adb3e1e7a3b4e8cc;Cyclotella	99.361	313	2	0	1	313	1	313	1.03e-162	568
M02215:3:000000000-B9JT7:1:1107:21206:68291:N:0:1;size=2;	74bd536a982117e99a75e40240e0e3b1b1f81a5c;Triparma	100.000	313	0	0	1	313	1	313	4.49e-166	579
M02215:3:000000000-B9JT7:1:1107:22192:57641:N:0:1;size=2;	52ac6f8082f0cfa8b07863f388b5c15ef1ccb145;Micromonas	100.000	313	0	0	1	313	1	313	4.75e-166	579
M02215:3:000000000-B9JT7:1:1107:25505:219951:N:0:1;size=2;	9ebd0bcbae3f4ee1f10ba13d858e85af17744e67;Homo	100.000	313	0	0	1	313	1	313	4.75e-166	579
M02215:3:000000000-B9JT7:1:1107:5432:215771:N:0:1;size=2;	a64ab751b69ad1c2dc45814951dd0b3fce5c88aa;Micromonas	100.000	313	0	0	1	313	1	313	4.62e-166	579
M02215:3:000000000-B9JT7:1:1107:6604:140641:N:0:1;size=2;	882bcbeccf43f6ad24cd4dddc65e79df5feeaa78;Bathycoccus	98.214	336	6	0	1	336	1	336	7.90e-169	588
M02215:3:000000000-B9JT7:1:1107:7784:152891:N:0:1;size=2;	882bcbeccf43f6ad24cd4dddc65e79df5feeaa78;Bathycoccus	98.795	332	3	1	1	332	1	331	2.20e-169	590
M02215:3:000000000-B9JT7:1:1107:8622:181691:N:0:1;size=2;	b1a34b52e9dbe50cc0e7728a1c7595dcf1351f25;Littorina	100.000	313	0	0	1	313	1	313	4.75e-166	579
M02215:3:000000000-B9JT7:1:1107:8651:99161:N:0:1;size=2;	d92752cfdd8fd1a32b49db69adb3e1e7a3b4e8cc;Cyclotella	99.681	313	1	0	1	313	1	313	2.17e-164	573
M02215:3:000000000-B9JT7:1:1108:10219:42721:N:0:1;size=2;	a64ab751b69ad1c2dc45814951dd0b3fce5c88aa;Micromonas	100.000	313	0	0	1	313	1	313	4.75e-166	579
M02215:3:000000000-B9JT7:1:1108:10895:114171:N:0:1;size=4;	d92752cfdd8fd1a32b49db69adb3e1e7a3b4e8cc;Cyclotella	99.681	313	1	0	1	313	1	313	2.14e-164	573
M02215:3:000000000-B9JT7:1:1108:11182:188541:N:0:1;size=2;	9ebd0bcbae3f4ee1f10ba13d858e85af17744e67;Homo	100.000	312	0	0	1	312	2	313	1.60e-165	577
M02215:3:000000000-B9JT7:1:1108:11221:84861:N:0:1;size=2;	9ebd0bcbae3f4ee1f10ba13d858e85af17744e67;Homo	100.000	313	0	0	1	313	1	313	4.75e-166	579
M02215:3:000000000-B9JT7:1:1108:13555:123671:N:0:1;size=2;	9ebd0bcbae3f4ee1f10ba13d858e85af17744e67;Homo	100.000	313	0	0	1	313	1	313	4.75e-166	579
M02215:3:000000000-B9JT7:1:1108:16972:23211:N:0:1;size=2;	882bcbeccf43f6ad24cd4dddc65e79df5feeaa78;Bathycoccus	98.485	330	5	0	1	330	1	330	3.67e-167	582
M02215:3:000000000-B9JT7:1:1108:27148:137451:N:0:1;size=2;	882bcbeccf43f6ad24cd4dddc65e79df5feeaa78;Bathycoccus	98.788	330	4	0	1	330	1	330	7.90e-169	588
M02215:3:000000000-B9JT7:1:1108:28956:152931:N:0:1;size=2;	b14e192ef4db4138ef5da5fa073aee9196146841;Capitellidae	100.000	313	0	0	1	313	1	313	4.75e-166	579
M02215:3:000000000-B9JT7:1:1108:7062:222081:N:0:1;size=2;	9ebd0bcbae3f4ee1f10ba13d858e85af17744e67;Homo	100.000	312	0	0	1	312	2	313	1.70e-165	577
M02215:3:000000000-B9JT7:1:1108:7840:60741:N:0:1;size=2;	b1a34b52e9dbe50cc0e7728a1c7595dcf1351f25;Littorina	100.000	313	0	0	1	313	1	313	4.75e-166	579
M02215:3:000000000-B9JT7:1:1109:11794:37231:N:0:1;size=2;	6f98e637735b187cd156c79b8f022a0bc63d5fc5;Micromonas	100.000	313	0	0	1	313	1	313	4.75e-166	579
M02215:3:000000000-B9JT7:1:1109:16483:38701:N:0:1;size=2;	d92752cfdd8fd1a32b49db69adb3e1e7a3b4e8cc;Cyclotella	99.361	313	2	0	1	313	1	313	1.03e-162	568
M02215:3:000000000-B9JT7:1:1109:16885:128381:N:0:1;size=2;	ecbcc3bd709776326a720729ad74c020c160aa3a;Chlorella	100.000	313	0	0	1	313	1	313	4.75e-166	579
M02215:3:000000000-B9JT7:1:1109:18067:275541:N:0:1;size=2;	882bcbeccf43f6ad24cd4dddc65e79df5feeaa78;Bathycoccus	98.810	336	4	0	1	336	1	336	3.65e-172	599
M02215:3:000000000-B9JT7:1:1109:19854:199061:N:0:1;size=2;	a64ab751b69ad1c2dc45814951dd0b3fce5c88aa;Micromonas	100.000	313	0	0	1	313	1	313	4.65e-166	579
M02215:3:000000000-B9JT7:1:1109:21467:204171:N:0:1;size=2;	a68693b3043b9d50a8c7e70db541da55c9a7d24d;Pseudocalanus	99.361	313	2	0	1	313	1	313	1.03e-162	568
M02215:3:000000000-B9JT7:1:1109:21484:202681:N:0:1;size=2;	a68693b3043b9d50a8c7e70db541da55c9a7d24d;Pseudocalanus	99.681	313	1	0	1	313	1	313	2.21e-164	573
M02215:3:000000000-B9JT7:1:1109:21492:67721:N:0:1;size=2;	74bd536a982117e99a75e40240e0e3b1b1f81a5c;Triparma	100.000	313	0	0	1	313	1	313	4.75e-166	579
M02215:3:000000000-B9JT7:1:1109:22688:241351:N:0:1;size=2;	f480326f0c6c82489d3b525d63ed3f6d1313807f;root	100.000	313	0	0	1	313	1	313	4.75e-166	579
M02215:3:000000000-B9JT7:1:1109:26766:76521:N:0:1;size=2;	74bd536a982117e99a75e40240e0e3b1b1f81a5c;Triparma	100.000	313	0	0	1	313	1	313	4.62e-166	579
M02215:3:000000000-B9JT7:1:1109:27500:211181:N:0:1;size=2;	d92752cfdd8fd1a32b49db69adb3e1e7a3b4e8cc;Cyclotella	99.681	313	1	0	1	313	1	313	2.13e-164	573
M02215:3:000000000-B9JT7:1:1109:6855:94191:N:0:1;size=2;	74bd536a982117e99a75e40240e0e3b1b1f81a5c;Triparma	100.000	313	0	0	1	313	1	313	4.75e-166	579
M02215:3:000000000-B9JT7:1:1110:11462:271701:N:0:1;size=2;	d92752cfdd8fd1a32b49db69adb3e1e7a3b4e8cc;Cyclotella	99.681	313	1	0	1	313	1	313	2.15e-164	573
M02215:3:000000000-B9JT7:1:1110:12195:181491:N:0:1;size=2;	a68693b3043b9d50a8c7e70db541da55c9a7d24d;Pseudocalanus	99.361	313	2	0	1	313	1	313	1.03e-162	568
M02215:3:000000000-B9JT7:1:1110:14346:176571:N:0:1;size=2;	74bd536a982117e99a75e40240e0e3b1b1f81a5c;Triparma	100.000	313	0	0	1	313	1	313	4.75e-166	579
M02215:3:000000000-B9JT7:1:1110:14909:243561:N:0:1;size=2;	d92752cfdd8fd1a32b49db69adb3e1e7a3b4e8cc;Cyclotella	99.681	313	1	0	1	313	1	313	2.21e-164	573
M02215:3:000000000-B9JT7:1:1110:15168:159231:N:0:1;size=2;	d92752cfdd8fd1a32b49db69adb3e1e7a3b4e8cc;Cyclotella	99.681	313	1	0	1	313	1	313	2.21e-164	573
M02215:3:000000000-B9JT7:1:1110:15227:160871:N:0:1;size=2;	9ebd0bcbae3f4ee1f10ba13d858e85af17744e67;Homo	100.000	312	0	0	1	312	2	313	1.70e-165	577
M02215:3:000000000-B9JT7:1:1110:16915:132141:N:0:1;size=2;	a64ab751b69ad1c2dc45814951dd0b3fce5c88aa;Micromonas	100.000	313	0	0	1	313	1	313	4.53e-166	579
M02215:3:000000000-B9JT7:1:1110:19001:74751:N:0:1;size=2;	74bd536a982117e99a75e40240e0e3b1b1f81a5c;Triparma	100.000	313	0	0	1	313	1	313	4.75e-166	579
M02215:3:000000000-B9JT7:1:1110:19542:92081:N:0:1;size=2;	882bcbeccf43f6ad24cd4dddc65e79df5feeaa78;Bathycoccus	99.394	330	2	0	1	330	1	330	3.65e-172	599
M02215:3:000000000-B9JT7:1:1110:6114:95451:N:0:1;size=2;	74bd536a982117e99a75e40240e0e3b1b1f81a5c;Triparma	100.000	313	0	0	1	313	1	313	4.75e-166	579
M02215:3:000000000-B9JT7:1:1110:6220:176501:N:0:1;size=2;	a68693b3043b9d50a8c7e70db541da55c9a7d24d;Pseudocalanus	99.681	313	1	0	1	313	1	313	2.21e-164	573
M02215:3:000000000-B9JT7:1:1110:6307:231631:N:0:1;size=2;	a68693b3043b9d50a8c7e70db541da55c9a7d24d;Pseudocalanus	99.361	313	2	0	1	313	1	313	1.03e-162	568
M02215:3:000000000-B9JT7:1:1110:8986:44671:N:0:1;size=2;	32162e451e12cdf5cf3628007e99b0efa1ba946b;Phaeocystis	100.000	313	0	0	1	313	1	313	4.75e-166	579
M02215:3:000000000-B9JT7:1:1111:12017:233671:N:0:1;size=2;	882bcbeccf43f6ad24cd4dddc65e79df5feeaa78;Bathycoccus	98.810	336	4	0	1	336	1	336	3.58e-172	599
M02215:3:000000000-B9JT7:1:1111:12743:108851:N:0:1;size=2;	e02f30938c4249055fbb9bb66e41202a1e18fce8;Capitellidae	100.000	312	0	0	1	312	1	312	1.70e-165	577
M02215:3:000000000-B9JT7:1:1111:12835:281831:N:0:1;size=2;	9ebd0bcbae3f4ee1f10ba13d858e85af17744e67;Homo	100.000	312	0	0	1	312	2	313	1.59e-165	577
M02215:3:000000000-B9JT7:1:1111:19430:240341:N:0:1;size=2;	9ebd0bcbae3f4ee1f10ba13d858e85af17744e67;Homo	100.000	312	0	0	1	312	2	313	1.69e-165	577
M02215:3:000000000-B9JT7:1:1111:20316:271711:N:0:1;size=2;	882bcbeccf43f6ad24cd4dddc65e79df5feeaa78;Bathycoccus	98.214	336	6	0	1	336	1	336	7.63e-169	588
M02215:3:000000000-B9JT7:1:1111:22804:163001:N:0:1;size=4;	74bd536a982117e99a75e40240e0e3b1b1f81a5c;Triparma	100.000	313	0	0	1	313	1	313	4.75e-166	579
M02215:3:000000000-B9JT7:1:1111:23243:258811:N:0:1;size=2;	32162e451e12cdf5cf3628007e99b0efa1ba946b;Phaeocystis	100.000	313	0	0	1	313	1	313	4.75e-166	579
M02215:3:000000000-B9JT7:1:1111:23826:133271:N:0:1;size=2;	9ebd0bcbae3f4ee1f10ba13d858e85af17744e67;Homo	100.000	313	0	0	1	313	1	313	4.75e-166	579
M02215:3:000000000-B9JT7:1:1111:24725:95891:N:0:1;size=2;	6f98e637735b187cd156c79b8f022a0bc63d5fc5;Micromonas	100.000	313	0	0	1	313	1	313	4.75e-166	579
M02215:3:000000000-B9JT7:1:1111:24943:173631:N:0:1;size=2;	9ebd0bcbae3f4ee1f10ba13d858e85af17744e67;Homo	100.000	312	0	0	1	312	2	313	1.67e-165	577
M02215:3:000000000-B9JT7:1:1111:25832:208951:N:0:1;size=2;	ecbcc3bd709776326a720729ad74c020c160aa3a;Chlorella	100.000	313	0	0	1	313	1	313	4.75e-166	579
M02215:3:000000000-B9JT7:1:1111:29352:135891:N:0:1;size=2;	882bcbeccf43f6ad24cd4dddc65e79df5feeaa78;Bathycoccus	99.107	336	3	0	1	336	1	336	7.84e-174	604
M02215:3:000000000-B9JT7:1:1111:6331:216721:N:0:1;size=2;	6f98e637735b187cd156c79b8f022a0bc63d5fc5;Micromonas	100.000	313	0	0	1	313	1	313	4.75e-166	579
M02215:3:000000000-B9JT7:1:1112:10215:216341:N:0:1;size=2;	ecbcc3bd709776326a720729ad74c020c160aa3a;Chlorella	100.000	313	0	0	1	313	1	313	4.75e-166	579
M02215:3:000000000-B9JT7:1:1112:12291:152181:N:0:1;size=2;	882bcbeccf43f6ad24cd4dddc65e79df5feeaa78;Bathycoccus	99.107	336	3	0	1	336	1	336	7.84e-174	604
M02215:3:000000000-B9JT7:1:1112:13523:53941:N:0:1;size=2;	a64ab751b69ad1c2dc45814951dd0b3fce5c88aa;Micromonas	100.000	312	0	0	2	313	2	313	1.71e-165	577
M02215:3:000000000-B9JT7:1:1112:14875:146711:N:0:1;size=2;	74bd536a982117e99a75e40240e0e3b1b1f81a5c;Triparma	100.000	313	0	0	1	313	1	313	4.75e-166	579
M02215:3:000000000-B9JT7:1:1112:15181:147921:N:0:1;size=2;	14e21ec9b37d5162dc34cd67d5d5b38e896ff4af;Bathycoccus	100.000	313	0	0	1	313	1	313	4.75e-166	579
M02215:3:000000000-B9JT7:1:1112:16288:58641:N:0:1;size=2;	9ebd0bcbae3f4ee1f10ba13d858e85af17744e67;Homo	100.000	313	0	0	1	313	1	313	4.75e-166	579
M02215:3:000000000-B9JT7:1:1112:16457:47151:N:0:1;size=2;	9ebd0bcbae3f4ee1f10ba13d858e85af17744e67;Homo	100.000	312	0	0	1	312	2	313	1.70e-165	577
M02215:3:000000000-B9JT7:1:1112:22713:98451:N:0:1;size=4;	a68693b3043b9d50a8c7e70db541da55c9a7d24d;Pseudocalanus	99.681	313	1	0	1	313	1	313	2.21e-164	573
M02215:3:000000000-B9JT7:1:1112:23309:105261:N:0:1;size=2;	74bd536a982117e99a75e40240e0e3b1b1f81a5c;Triparma	100.000	313	0	0	1	313	1	313	4.75e-166	579
M02215:3:000000000-B9JT7:1:1112:23316:102121:N:0:1;size=2;	14e21ec9b37d5162dc34cd67d5d5b38e896ff4af;Bathycoccus	100.000	313	0	0	1	313	1	313	4.75e-166	579
M02215:3:000000000-B9JT7:1:1112:24007:248471:N:0:1;size=2;	9ebd0bcbae3f4ee1f10ba13d858e85af17744e67;Homo	100.000	313	0	0	1	313	1	313	4.75e-166	579
M02215:3:000000000-B9JT7:1:1112:26231:170591:N:0:1;size=2;	12b98cb34776b20c1af3092b34deaa79d36c190a;Maculaura	99.684	316	1	0	1	316	1	316	4.80e-166	579
M02215:3:000000000-B9JT7:1:1112:8828:137891:N:0:1;size=2;	12b98cb34776b20c1af3092b34deaa79d36c190a;Maculaura	99.684	316	1	0	1	316	1	316	4.80e-166	579
M02215:3:000000000-B9JT7:1:1113:12215:233921:N:0:1;size=2;	9ebd0bcbae3f4ee1f10ba13d858e85af17744e67;Homo	100.000	313	0	0	1	313	1	313	4.75e-166	579
M02215:3:000000000-B9JT7:1:1113:14197:233641:N:0:1;size=2;	d92752cfdd8fd1a32b49db69adb3e1e7a3b4e8cc;Cyclotella	99.361	313	2	0	1	313	1	313	1.03e-162	568
M02215:3:000000000-B9JT7:1:1113:19012:235051:N:0:1;size=2;	9ebd0bcbae3f4ee1f10ba13d858e85af17744e67;Homo	100.000	312	0	0	1	312	2	313	1.70e-165	577
M02215:3:000000000-B9JT7:1:1113:20319:43321:N:0:1;size=2;	a4c5abb6f8cf3f8e1f96fcd812149a53baef88bd;Micromonas	96.805	313	10	0	1	313	1	313	2.26e-149	523
M02215:3:000000000-B9JT7:1:1113:22745:191301:N:0:1;size=2;	74bd536a982117e99a75e40240e0e3b1b1f81a5c;Triparma	100.000	313	0	0	1	313	1	313	4.75e-166	579
M02215:3:000000000-B9JT7:1:1113:23781:150501:N:0:1;size=2;	32162e451e12cdf5cf3628007e99b0efa1ba946b;Phaeocystis	100.000	313	0	0	1	313	1	313	4.75e-166	579
M02215:3:000000000-B9JT7:1:1113:24452:202571:N:0:1;size=2;	a68693b3043b9d50a8c7e70db541da55c9a7d24d;Pseudocalanus	99.361	313	2	0	1	313	1	313	1.03e-162	568
M02215:3:000000000-B9JT7:1:1113:25343:135341:N:0:1;size=2;	74bd536a982117e99a75e40240e0e3b1b1f81a5c;Triparma	100.000	313	0	0	1	313	1	313	4.65e-166	579
M02215:3:000000000-B9JT7:1:1113:25666:187381:N:0:1;size=2;	74bd536a982117e99a75e40240e0e3b1b1f81a5c;Triparma	100.000	313	0	0	1	313	1	313	4.75e-166	579
M02215:3:000000000-B9JT7:1:1113:28023:216851:N:0:1;size=2;	74bd536a982117e99a75e40240e0e3b1b1f81a5c;Triparma	100.000	313	0	0	1	313	1	313	4.75e-166	579
M02215:3:000000000-B9JT7:1:1113:4565:71101:N:0:1;size=2;	e02f30938c4249055fbb9bb66e41202a1e18fce8;Capitellidae	100.000	312	0	0	1	312	1	312	1.69e-165	577
M02215:3:000000000-B9JT7:1:1113:5372:101261:N:0:1;size=2;	d92752cfdd8fd1a32b49db69adb3e1e7a3b4e8cc;Cyclotella	99.681	313	1	0	1	313	1	313	2.21e-164	573
M02215:3:000000000-B9JT7:1:1114:10359:208441:N:0:1;size=2;	9ebd0bcbae3f4ee1f10ba13d858e85af17744e67;Homo	100.000	312	0	0	1	312	2	313	1.70e-165	577
M02215:3:000000000-B9JT7:1:1114:11005:280101:N:0:1;size=2;	a4c5abb6f8cf3f8e1f96fcd812149a53baef88bd;Micromonas	95.847	313	13	0	1	313	1	313	2.27e-144	507
M02215:3:000000000-B9JT7:1:1114:12246:151361:N:0:1;size=2;	d92752cfdd8fd1a32b49db69adb3e1e7a3b4e8cc;Cyclotella	99.681	313	1	0	1	313	1	313	2.21e-164	573
M02215:3:000000000-B9JT7:1:1114:12776:167121:N:0:1;size=2;	ecbcc3bd709776326a720729ad74c020c160aa3a;Chlorella	100.000	313	0	0	1	313	1	313	4.75e-166	579
M02215:3:000000000-B9JT7:1:1114:12969:255351:N:0:1;size=2;	b1a34b52e9dbe50cc0e7728a1c7595dcf1351f25;Littorina	100.000	313	0	0	1	313	1	313	4.29e-166	579
M02215:3:000000000-B9JT7:1:1114:15216:26101:N:0:1;size=2;	12b98cb34776b20c1af3092b34deaa79d36c190a;Maculaura	99.684	316	1	0	1	316	1	316	4.80e-166	579
M02215:3:000000000-B9JT7:1:1114:16923:246841:N:0:1;size=2;	36a62c766befb37d7b3aba4f083b7bfea68a54a4;Thalassiosirales	100.000	313	0	0	1	313	1	313	4.75e-166	579
M02215:3:000000000-B9JT7:1:1114:19014:142261:N:0:1;size=2;	74bd536a982117e99a75e40240e0e3b1b1f81a5c;Triparma	100.000	313	0	0	1	313	1	313	4.75e-166	579
M02215:3:000000000-B9JT7:1:1114:19120:258431:N:0:1;size=4;	a68693b3043b9d50a8c7e70db541da55c9a7d24d;Pseudocalanus	99.681	313	1	0	1	313	1	313	2.19e-164	573
M02215:3:000000000-B9JT7:1:1114:19556:110321:N:0:1;size=2;	12b98cb34776b20c1af3092b34deaa79d36c190a;Maculaura	99.684	316	1	0	1	316	1	316	4.80e-166	579
M02215:3:000000000-B9JT7:1:1114:19587:123061:N:0:1;size=2;	9ebd0bcbae3f4ee1f10ba13d858e85af17744e67;Homo	100.000	313	0	0	1	313	1	313	4.40e-166	579
M02215:3:000000000-B9JT7:1:1114:20272:76411:N:0:1;size=2;	a64ab751b69ad1c2dc45814951dd0b3fce5c88aa;Micromonas	100.000	313	0	0	1	313	1	313	4.75e-166	579
M02215:3:000000000-B9JT7:1:1114:21273:83531:N:0:1;size=2;	12b98cb34776b20c1af3092b34deaa79d36c190a;Maculaura	99.684	316	1	0	1	316	1	316	4.64e-166	579
M02215:3:000000000-B9JT7:1:1114:21366:143501:N:0:1;size=2;	d92752cfdd8fd1a32b49db69adb3e1e7a3b4e8cc;Cyclotella	99.681	313	1	0	1	313	1	313	2.21e-164	573
M02215:3:000000000-B9JT7:1:1114:22429:213261:N:0:1;size=2;	882bcbeccf43f6ad24cd4dddc65e79df5feeaa78;Bathycoccus	98.788	330	4	0	1	330	1	330	7.90e-169	588
M02215:3:000000000-B9JT7:1:1114:25717:67091:N:0:1;size=2;	b1a34b52e9dbe50cc0e7728a1c7595dcf1351f25;Littorina	99.681	313	1	0	1	313	1	313	2.21e-164	573
M02215:3:000000000-B9JT7:1:1114:26369:226371:N:0:1;size=2;	32162e451e12cdf5cf3628007e99b0efa1ba946b;Phaeocystis	100.000	313	0	0	1	313	1	313	4.75e-166	579
M02215:3:000000000-B9JT7:1:1114:7902:142451:N:0:1;size=2;	9ebd0bcbae3f4ee1f10ba13d858e85af17744e67;Homo	100.000	313	0	0	1	313	1	313	4.75e-166	579
M02215:3:000000000-B9JT7:1:2101:11391:211241:N:0:1;size=2;	882bcbeccf43f6ad24cd4dddc65e79df5feeaa78;Bathycoccus	98.788	330	4	0	1	330	1	330	7.73e-169	588
M02215:3:000000000-B9JT7:1:2101:11459:87931:N:0:1;size=2;	dcaf7f874689c3d55666a06e5f29a433d213eb4d;Phaeocystis	97.987	298	5	1	17	313	16	313	3.78e-147	516
M02215:3:000000000-B9JT7:1:2101:13799:263061:N:0:1;size=2;	882bcbeccf43f6ad24cd4dddc65e79df5feeaa78;Bathycoccus	98.512	336	5	0	1	336	1	336	1.70e-170	593
M02215:3:000000000-B9JT7:1:2101:22293:119281:N:0:1;size=2;	a68693b3043b9d50a8c7e70db541da55c9a7d24d;Pseudocalanus	99.361	313	2	0	1	313	1	313	1.03e-162	568
M02215:3:000000000-B9JT7:1:2101:25360:116941:N:0:1;size=2;	b14e192ef4db4138ef5da5fa073aee9196146841;Capitellidae	100.000	313	0	0	1	313	1	313	4.71e-166	579
M02215:3:000000000-B9JT7:1:2101:26498:197051:N:0:1;size=2;	d92752cfdd8fd1a32b49db69adb3e1e7a3b4e8cc;Cyclotella	99.361	313	2	0	1	313	1	313	1.03e-162	568
M02215:3:000000000-B9JT7:1:2101:9795:255631:N:0:1;size=2;	26708630fd0122f63f01df29f8eff5b6a7d0f79f;Phaeocystis	100.000	191	0	0	1	191	1	191	3.15e-98	353
M02215:3:000000000-B9JT7:1:2102:10604:121831:N:0:1;size=2;	ecbcc3bd709776326a720729ad74c020c160aa3a;Chlorella	100.000	313	0	0	1	313	1	313	4.75e-166	579
M02215:3:000000000-B9JT7:1:2102:12064:87551:N:0:1;size=2;	74bd536a982117e99a75e40240e0e3b1b1f81a5c;Triparma	100.000	313	0	0	1	313	1	313	4.75e-166	579
M02215:3:000000000-B9JT7:1:2102:13090:62861:N:0:1;size=2;	d92752cfdd8fd1a32b49db69adb3e1e7a3b4e8cc;Cyclotella	99.681	313	1	0	1	313	1	313	2.21e-164	573
M02215:3:000000000-B9JT7:1:2102:14799:165641:N:0:1;size=4;	74bd536a982117e99a75e40240e0e3b1b1f81a5c;Triparma	100.000	313	0	0	1	313	1	313	4.62e-166	579
M02215:3:000000000-B9JT7:1:2102:16518:127801:N:0:1;size=2;	9ebd0bcbae3f4ee1f10ba13d858e85af17744e67;Homo	100.000	312	0	0	1	312	2	313	1.70e-165	577
M02215:3:000000000-B9JT7:1:2102:20142:108001:N:0:1;size=2;	b1a34b52e9dbe50cc0e7728a1c7595dcf1351f25;Littorina	100.000	313	0	0	1	313	1	313	4.75e-166	579
M02215:3:000000000-B9JT7:1:2102:21796:151651:N:0:1;size=2;	9ebd0bcbae3f4ee1f10ba13d858e85af17744e67;Homo	100.000	313	0	0	1	313	1	313	4.75e-166	579
M02215:3:000000000-B9JT7:1:2102:29095:162261:N:0:1;size=2;	a64ab751b69ad1c2dc45814951dd0b3fce5c88aa;Micromonas	100.000	313	0	0	1	313	1	313	4.75e-166	579
M02215:3:000000000-B9JT7:1:2103:11315:193051:N:0:1;size=2;	9ebd0bcbae3f4ee1f10ba13d858e85af17744e67;Homo	100.000	313	0	0	1	313	1	313	4.75e-166	579
M02215:3:000000000-B9JT7:1:2103:11618:267081:N:0:1;size=2;	9ebd0bcbae3f4ee1f10ba13d858e85af17744e67;Homo	100.000	313	0	0	1	313	1	313	4.75e-166	579
M02215:3:000000000-B9JT7:1:2103:13012:111971:N:0:1;size=2;	d92752cfdd8fd1a32b49db69adb3e1e7a3b4e8cc;Cyclotella	99.681	313	1	0	1	313	1	313	2.21e-164	573
M02215:3:000000000-B9JT7:1:2103:15857:264561:N:0:1;size=2;	b1a34b52e9dbe50cc0e7728a1c7595dcf1351f25;Littorina	100.000	313	0	0	1	313	1	313	4.75e-166	579
M02215:3:000000000-B9JT7:1:2103:17166:235721:N:0:1;size=2;	b1a34b52e9dbe50cc0e7728a1c7595dcf1351f25;Littorina	100.000	313	0	0	1	313	1	313	4.75e-166	579
M02215:3:000000000-B9JT7:1:2103:18467:278381:N:0:1;size=2;	9ebd0bcbae3f4ee1f10ba13d858e85af17744e67;Homo	100.000	313	0	0	1	313	1	313	4.75e-166	579
M02215:3:000000000-B9JT7:1:2103:18885:36591:N:0:1;size=2;	a64ab751b69ad1c2dc45814951dd0b3fce5c88aa;Micromonas	100.000	297	0	0	1	297	1	297	3.73e-157	549
M02215:3:000000000-B9JT7:1:2103:19572:69571:N:0:1;size=2;	882bcbeccf43f6ad24cd4dddc65e79df5feeaa78;Bathycoccus	98.512	336	5	0	1	336	1	336	1.70e-170	593
M02215:3:000000000-B9JT7:1:2103:22166:74271:N:0:1;size=2;	a64ab751b69ad1c2dc45814951dd0b3fce5c88aa;Micromonas	100.000	313	0	0	1	313	1	313	4.52e-166	579
M02215:3:000000000-B9JT7:1:2103:27778:189971:N:0:1;size=2;	d92752cfdd8fd1a32b49db69adb3e1e7a3b4e8cc;Cyclotella	99.681	313	1	0	1	313	1	313	2.21e-164	573
M02215:3:000000000-B9JT7:1:2103:5278:122071:N:0:1;size=2;	9ebd0bcbae3f4ee1f10ba13d858e85af17744e67;Homo	100.000	313	0	0	1	313	1	313	4.75e-166	579
M02215:3:000000000-B9JT7:1:2103:7458:40311:N:0:1;size=2;	b1a34b52e9dbe50cc0e7728a1c7595dcf1351f25;Littorina	100.000	313	0	0	1	313	1	313	4.75e-166	579
M02215:3:000000000-B9JT7:1:2104:10900:241621:N:0:1;size=2;	dcaf7f874689c3d55666a06e5f29a433d213eb4d;Phaeocystis	98.658	298	3	1	17	313	16	313	1.75e-150	527
M02215:3:000000000-B9JT7:1:2104:24790:226801:N:0:1;size=2;	e02f30938c4249055fbb9bb66e41202a1e18fce8;Capitellidae	99.679	312	1	0	1	312	1	312	7.93e-164	571
M02215:3:000000000-B9JT7:1:2105:11710:143671:N:0:1;size=2;	9ebd0bcbae3f4ee1f10ba13d858e85af17744e67;Homo	100.000	313	0	0	1	313	1	313	4.75e-166	579
M02215:3:000000000-B9JT7:1:2105:23777:63111:N:0:1;size=2;	a68693b3043b9d50a8c7e70db541da55c9a7d24d;Pseudocalanus	99.681	313	1	0	1	313	1	313	2.19e-164	573
M02215:3:000000000-B9JT7:1:2105:25322:94511:N:0:1;size=2;	882bcbeccf43f6ad24cd4dddc65e79df5feeaa78;Bathycoccus	98.512	336	5	0	1	336	1	336	1.70e-170	593
M02215:3:000000000-B9JT7:1:2105:4681:119591:N:0:1;size=2;	a64ab751b69ad1c2dc45814951dd0b3fce5c88aa;Micromonas	100.000	313	0	0	1	313	1	313	4.75e-166	579
M02215:3:000000000-B9JT7:1:2105:8693:55461:N:0:1;size=2;	9ebd0bcbae3f4ee1f10ba13d858e85af17744e67;Homo	100.000	313	0	0	1	313	1	313	4.59e-166	579
M02215:3:000000000-B9JT7:1:2106:11598:196361:N:0:1;size=2;	12b98cb34776b20c1af3092b34deaa79d36c190a;Maculaura	99.684	316	1	0	1	316	1	316	4.80e-166	579
M02215:3:000000000-B9JT7:1:2106:17460:256101:N:0:1;size=2;	a68693b3043b9d50a8c7e70db541da55c9a7d24d;Pseudocalanus	99.681	313	1	0	1	313	1	313	2.21e-164	573
M02215:3:000000000-B9JT7:1:2106:20959:104611:N:0:1;size=2;	882bcbeccf43f6ad24cd4dddc65e79df5feeaa78;Bathycoccus	97.619	336	8	0	1	336	1	336	1.71e-165	577
M02215:3:000000000-B9JT7:1:2106:21873:110101:N:0:1;size=2;	ecbcc3bd709776326a720729ad74c020c160aa3a;Chlorella	100.000	313	0	0	1	313	1	313	4.75e-166	579
M02215:3:000000000-B9JT7:1:2106:28889:180821:N:0:1;size=2;	32162e451e12cdf5cf3628007e99b0efa1ba946b;Phaeocystis	100.000	313	0	0	1	313	1	313	4.75e-166	579
M02215:3:000000000-B9JT7:1:2107:25202:216221:N:0:1;size=2;	a68693b3043b9d50a8c7e70db541da55c9a7d24d;Pseudocalanus	99.361	313	2	0	1	313	1	313	1.03e-162	568
M02215:3:000000000-B9JT7:1:2107:7187:44361:N:0:1;size=2;	a64ab751b69ad1c2dc45814951dd0b3fce5c88aa;Micromonas	100.000	313	0	0	1	313	1	313	4.43e-166	579
M02215:3:000000000-B9JT7:1:2107:8475:155651:N:0:1;size=2;	d92752cfdd8fd1a32b49db69adb3e1e7a3b4e8cc;Cyclotella	99.681	313	1	0	1	313	1	313	2.21e-164	573
M02215:3:000000000-B9JT7:1:2108:12324:201651:N:0:1;size=2;	9ebd0bcbae3f4ee1f10ba13d858e85af17744e67;Homo	100.000	313	0	0	1	313	1	313	4.59e-166	579
M02215:3:000000000-B9JT7:1:2108:2891:137661:N:0:1;size=2;	32162e451e12cdf5cf3628007e99b0efa1ba946b;Phaeocystis	100.000	313	0	0	1	313	1	313	4.75e-166	579
M02215:3:000000000-B9JT7:1:2108:5208:116361:N:0:1;size=2;	9ebd0bcbae3f4ee1f10ba13d858e85af17744e67;Homo	100.000	313	0	0	1	313	1	313	4.75e-166	579
M02215:3:000000000-B9JT7:1:2108:8226:169851:N:0:1;size=2;	d92752cfdd8fd1a32b49db69adb3e1e7a3b4e8cc;Cyclotella	99.681	313	1	0	1	313	1	313	2.08e-164	573
M02215:3:000000000-B9JT7:1:2109:18795:117091:N:0:1;size=2;	b1a34b52e9dbe50cc0e7728a1c7595dcf1351f25;Littorina	100.000	313	0	0	1	313	1	313	4.75e-166	579
M02215:3:000000000-B9JT7:1:2109:5973:135891:N:0:1;size=2;	a68693b3043b9d50a8c7e70db541da55c9a7d24d;Pseudocalanus	99.681	313	1	0	1	313	1	313	2.21e-164	573
M02215:3:000000000-B9JT7:1:2109:8729:176601:N:0:1;size=2;	d92752cfdd8fd1a32b49db69adb3e1e7a3b4e8cc;Cyclotella	99.361	313	2	0	1	313	1	313	1.03e-162	568
M02215:3:000000000-B9JT7:1:2109:9071:61471:N:0:1;size=2;	12b98cb34776b20c1af3092b34deaa79d36c190a;Maculaura	99.684	316	1	0	1	316	1	316	4.80e-166	579
M02215:3:000000000-B9JT7:1:2110:11716:89741:N:0:1;size=2;	a64ab751b69ad1c2dc45814951dd0b3fce5c88aa;Micromonas	100.000	313	0	0	1	313	1	313	4.62e-166	579
M02215:3:000000000-B9JT7:1:2110:13823:218691:N:0:1;size=2;	9ebd0bcbae3f4ee1f10ba13d858e85af17744e67;Homo	100.000	313	0	0	1	313	1	313	4.75e-166	579
M02215:3:000000000-B9JT7:1:2110:17719:180861:N:0:1;size=2;	a68693b3043b9d50a8c7e70db541da55c9a7d24d;Pseudocalanus	99.681	313	1	0	1	313	1	313	2.21e-164	573
M02215:3:000000000-B9JT7:1:2111:10785:119871:N:0:1;size=2;	882bcbeccf43f6ad24cd4dddc65e79df5feeaa78;Bathycoccus	98.529	340	5	0	1	340	1	340	1.01e-172	601
M02215:3:000000000-B9JT7:1:2111:6576:203271:N:0:1;size=2;	b1a34b52e9dbe50cc0e7728a1c7595dcf1351f25;Littorina	99.681	313	1	0	1	313	1	313	2.21e-164	573
M02215:3:000000000-B9JT7:1:2112:9937:152181:N:0:1;size=2;	74bd536a982117e99a75e40240e0e3b1b1f81a5c;Triparma	100.000	313	0	0	1	313	1	313	4.75e-166	579
