M02215:3:000000000-B9JT7:1:1101:4890:124521:N:0:1;size=1389;	882bcbeccf43f6ad24cd4dddc65e79df5feeaa78;Bathycoccus	98.235	340	6	0	1	340	1	340	4.66e-171	595
M02215:3:000000000-B9JT7:1:1101:18057:24521:N:0:1;size=117;	882bcbeccf43f6ad24cd4dddc65e79df5feeaa78;Bathycoccus	98.235	340	6	0	1	340	1	340	4.66e-171	595
M02215:3:000000000-B9JT7:1:1102:14200:216871:N:0:1;size=8462;	882bcbeccf43f6ad24cd4dddc65e79df5feeaa78;Bathycoccus	98.235	340	6	0	1	340	1	340	4.72e-171	595
M02215:3:000000000-B9JT7:1:1101:13819:230771:N:0:1;size=51;	882bcbeccf43f6ad24cd4dddc65e79df5feeaa78;Bathycoccus	98.529	340	5	0	1	340	1	340	1.01e-172	601
M02215:3:000000000-B9JT7:1:1101:7331:159291:N:0:1;size=494;	b1a34b52e9dbe50cc0e7728a1c7595dcf1351f25;Littorina	100.000	313	0	0	1	313	1	313	4.69e-166	579
M02215:3:000000000-B9JT7:1:1101:5199:229711:N:0:1;size=29;	882bcbeccf43f6ad24cd4dddc65e79df5feeaa78;Bathycoccus	98.235	340	6	0	1	340	1	340	4.72e-171	595
M02215:3:000000000-B9JT7:1:1102:25676:61561:N:0:1;size=91;	b1a34b52e9dbe50cc0e7728a1c7595dcf1351f25;Littorina	100.000	313	0	0	1	313	1	313	4.69e-166	579
M02215:3:000000000-B9JT7:1:1101:13635:140351:N:0:1;size=30;	882bcbeccf43f6ad24cd4dddc65e79df5feeaa78;Bathycoccus	98.235	340	6	0	1	340	1	340	4.72e-171	595
M02215:3:000000000-B9JT7:1:1101:24157:47091:N:0:1;size=404;	a64ab751b69ad1c2dc45814951dd0b3fce5c88aa;Micromonas	100.000	313	0	0	1	313	1	313	4.71e-166	579
M02215:3:000000000-B9JT7:1:1103:25618:56111:N:0:1;size=3095;	b1a34b52e9dbe50cc0e7728a1c7595dcf1351f25;Littorina	100.000	313	0	0	1	313	1	313	4.75e-166	579
M02215:3:000000000-B9JT7:1:1102:20539:92311:N:0:1;size=25;	b1a34b52e9dbe50cc0e7728a1c7595dcf1351f25;Littorina	100.000	313	0	0	1	313	1	313	4.75e-166	579
M02215:3:000000000-B9JT7:1:1101:13924:167161:N:0:1;size=2030;	a64ab751b69ad1c2dc45814951dd0b3fce5c88aa;Micromonas	100.000	313	0	0	1	313	1	313	4.75e-166	579
M02215:3:000000000-B9JT7:1:1101:18187:127251:N:0:1;size=88;	a64ab751b69ad1c2dc45814951dd0b3fce5c88aa;Micromonas	100.000	313	0	0	1	313	1	313	4.75e-166	579
M02215:3:000000000-B9JT7:1:1105:12170:119171:N:0:1;size=118;	882bcbeccf43f6ad24cd4dddc65e79df5feeaa78;Bathycoccus	98.788	330	4	0	1	330	1	330	7.58e-169	588
M02215:3:000000000-B9JT7:1:1101:17736:279741:N:0:1;size=16;	a64ab751b69ad1c2dc45814951dd0b3fce5c88aa;Micromonas	100.000	313	0	0	1	313	1	313	4.71e-166	579
M02215:3:000000000-B9JT7:1:1101:13117:53771:N:0:1;size=71;	882bcbeccf43f6ad24cd4dddc65e79df5feeaa78;Bathycoccus	99.085	328	3	0	1	328	1	328	2.06e-169	590
M02215:3:000000000-B9JT7:1:1101:21718:104521:N:0:1;size=13;	b1a34b52e9dbe50cc0e7728a1c7595dcf1351f25;Littorina	100.000	313	0	0	1	313	1	313	4.75e-166	579
M02215:3:000000000-B9JT7:1:1106:11708:207501:N:0:1;size=15;	882bcbeccf43f6ad24cd4dddc65e79df5feeaa78;Bathycoccus	98.784	329	4	0	1	329	1	329	2.68e-168	586
M02215:3:000000000-B9JT7:1:1101:15698:183041:N:0:1;size=102;	882bcbeccf43f6ad24cd4dddc65e79df5feeaa78;Bathycoccus	98.512	336	5	0	1	336	1	336	1.65e-170	593
M02215:3:000000000-B9JT7:1:1104:28191:171751:N:0:1;size=11;	b1a34b52e9dbe50cc0e7728a1c7595dcf1351f25;Littorina	100.000	313	0	0	1	313	1	313	4.75e-166	579
M02215:3:000000000-B9JT7:1:1101:24946:216261:N:0:1;size=38;	882bcbeccf43f6ad24cd4dddc65e79df5feeaa78;Bathycoccus	98.235	340	6	0	1	340	1	340	4.63e-171	595
M02215:3:000000000-B9JT7:1:1101:6835:118531:N:0:1;size=17;	b1a34b52e9dbe50cc0e7728a1c7595dcf1351f25;Littorina	100.000	313	0	0	1	313	1	313	4.75e-166	579
M02215:3:000000000-B9JT7:1:1103:7744:172931:N:0:1;size=13;	882bcbeccf43f6ad24cd4dddc65e79df5feeaa78;Bathycoccus	98.824	340	4	0	1	340	1	340	2.18e-174	606
M02215:3:000000000-B9JT7:1:1106:20504:282111:N:0:1;size=10;	b1a34b52e9dbe50cc0e7728a1c7595dcf1351f25;Littorina	100.000	313	0	0	1	313	1	313	4.75e-166	579
M02215:3:000000000-B9JT7:1:1101:10734:169761:N:0:1;size=9;	b1a34b52e9dbe50cc0e7728a1c7595dcf1351f25;Littorina	100.000	313	0	0	1	313	1	313	4.75e-166	579
M02215:3:000000000-B9JT7:1:1101:16908:229621:N:0:1;size=19;	d92752cfdd8fd1a32b49db69adb3e1e7a3b4e8cc;Cyclotella	99.681	313	1	0	1	313	1	313	2.18e-164	573
M02215:3:000000000-B9JT7:1:1103:15407:192571:N:0:1;size=9;	b1a34b52e9dbe50cc0e7728a1c7595dcf1351f25;Littorina	100.000	313	0	0	1	313	1	313	4.75e-166	579
M02215:3:000000000-B9JT7:1:1103:19169:137211:N:0:1;size=31;	b1a34b52e9dbe50cc0e7728a1c7595dcf1351f25;Littorina	100.000	313	0	0	1	313	1	313	4.62e-166	579
M02215:3:000000000-B9JT7:1:1108:6325:148191:N:0:1;size=27;	882bcbeccf43f6ad24cd4dddc65e79df5feeaa78;Bathycoccus	99.091	330	3	0	1	330	1	330	1.61e-170	593
M02215:3:000000000-B9JT7:1:1101:14727:124831:N:0:1;size=8;	b1a34b52e9dbe50cc0e7728a1c7595dcf1351f25;Littorina	100.000	313	0	0	1	313	1	313	4.75e-166	579
M02215:3:000000000-B9JT7:1:1101:21369:280391:N:0:1;size=8;	a64ab751b69ad1c2dc45814951dd0b3fce5c88aa;Micromonas	100.000	313	0	0	1	313	1	313	4.75e-166	579
M02215:3:000000000-B9JT7:1:1102:27766:164301:N:0:1;size=15;	a64ab751b69ad1c2dc45814951dd0b3fce5c88aa;Micromonas	100.000	313	0	0	1	313	1	313	4.75e-166	579
M02215:3:000000000-B9JT7:1:1103:11920:283951:N:0:1;size=8;	a64ab751b69ad1c2dc45814951dd0b3fce5c88aa;Micromonas	100.000	313	0	0	1	313	1	313	4.75e-166	579
M02215:3:000000000-B9JT7:1:1104:25128:254901:N:0:1;size=8;	a64ab751b69ad1c2dc45814951dd0b3fce5c88aa;Micromonas	100.000	313	0	0	1	313	1	313	4.75e-166	579
M02215:3:000000000-B9JT7:1:1107:10223:258541:N:0:1;size=8;	b1a34b52e9dbe50cc0e7728a1c7595dcf1351f25;Littorina	100.000	313	0	0	1	313	1	313	4.75e-166	579
M02215:3:000000000-B9JT7:1:1109:24940:69891:N:0:1;size=8;	882bcbeccf43f6ad24cd4dddc65e79df5feeaa78;Bathycoccus	97.941	340	7	0	1	340	1	340	2.20e-169	590
M02215:3:000000000-B9JT7:1:1101:14962:111101:N:0:1;size=7;	a64ab751b69ad1c2dc45814951dd0b3fce5c88aa;Micromonas	100.000	313	0	0	1	313	1	313	4.75e-166	579
M02215:3:000000000-B9JT7:1:1102:15028:216381:N:0:1;size=7;	882bcbeccf43f6ad24cd4dddc65e79df5feeaa78;Bathycoccus	98.529	340	5	0	1	340	1	340	1.01e-172	601
M02215:3:000000000-B9JT7:1:1103:10229:152871:N:0:1;size=45;	74bd536a982117e99a75e40240e0e3b1b1f81a5c;Triparma	100.000	313	0	0	1	313	1	313	4.75e-166	579
M02215:3:000000000-B9JT7:1:1103:16718:56581:N:0:1;size=12;	b1a34b52e9dbe50cc0e7728a1c7595dcf1351f25;Littorina	100.000	313	0	0	1	313	1	313	4.75e-166	579
M02215:3:000000000-B9JT7:1:1103:26968:188561:N:0:1;size=27;	b1a34b52e9dbe50cc0e7728a1c7595dcf1351f25;Littorina	100.000	313	0	0	1	313	1	313	4.75e-166	579
M02215:3:000000000-B9JT7:1:1103:6349:100771:N:0:1;size=7;	a64ab751b69ad1c2dc45814951dd0b3fce5c88aa;Micromonas	100.000	313	0	0	1	313	1	313	4.75e-166	579
M02215:3:000000000-B9JT7:1:1106:13026:215281:N:0:1;size=31;	882bcbeccf43f6ad24cd4dddc65e79df5feeaa78;Bathycoccus	98.788	330	4	0	1	330	1	330	7.63e-169	588
M02215:3:000000000-B9JT7:1:1108:17170:28991:N:0:1;size=7;	a64ab751b69ad1c2dc45814951dd0b3fce5c88aa;Micromonas	100.000	313	0	0	1	313	1	313	4.75e-166	579
M02215:3:000000000-B9JT7:1:1113:21925:109271:N:0:1;size=24;	b1a34b52e9dbe50cc0e7728a1c7595dcf1351f25;Littorina	100.000	313	0	0	1	313	1	313	4.56e-166	579
M02215:3:000000000-B9JT7:1:1101:10598:138811:N:0:1;size=6;	882bcbeccf43f6ad24cd4dddc65e79df5feeaa78;Bathycoccus	98.529	340	5	0	1	340	1	340	9.96e-173	601
M02215:3:000000000-B9JT7:1:1101:23931:103111:N:0:1;size=6;	882bcbeccf43f6ad24cd4dddc65e79df5feeaa78;Bathycoccus	98.810	336	4	0	1	336	1	336	3.53e-172	599
M02215:3:000000000-B9JT7:1:1101:8064:227671:N:0:1;size=6;	a64ab751b69ad1c2dc45814951dd0b3fce5c88aa;Micromonas	100.000	313	0	0	1	313	1	313	4.75e-166	579
M02215:3:000000000-B9JT7:1:1102:11531:29761:N:0:1;size=13;	a64ab751b69ad1c2dc45814951dd0b3fce5c88aa;Micromonas	100.000	313	0	0	1	313	1	313	4.67e-166	579
M02215:3:000000000-B9JT7:1:1102:14540:197401:N:0:1;size=16;	a64ab751b69ad1c2dc45814951dd0b3fce5c88aa;Micromonas	100.000	313	0	0	1	313	1	313	4.75e-166	579
M02215:3:000000000-B9JT7:1:1102:18725:24991:N:0:1;size=6;	b1a34b52e9dbe50cc0e7728a1c7595dcf1351f25;Littorina	100.000	313	0	0	1	313	1	313	4.75e-166	579
M02215:3:000000000-B9JT7:1:1103:25736:184931:N:0:1;size=6;	b1a34b52e9dbe50cc0e7728a1c7595dcf1351f25;Littorina	100.000	313	0	0	1	313	1	313	4.75e-166	579
M02215:3:000000000-B9JT7:1:1105:11231:213841:N:0:1;size=6;	b1a34b52e9dbe50cc0e7728a1c7595dcf1351f25;Littorina	100.000	313	0	0	1	313	1	313	4.75e-166	579
M02215:3:000000000-B9JT7:1:1106:19444:65661:N:0:1;size=6;	882bcbeccf43f6ad24cd4dddc65e79df5feeaa78;Bathycoccus	99.096	332	2	1	1	332	1	331	4.72e-171	595
M02215:3:000000000-B9JT7:1:1106:21305:40741:N:0:1;size=6;	b1a34b52e9dbe50cc0e7728a1c7595dcf1351f25;Littorina	100.000	313	0	0	1	313	1	313	4.75e-166	579
M02215:3:000000000-B9JT7:1:1108:25230:181071:N:0:1;size=6;	a64ab751b69ad1c2dc45814951dd0b3fce5c88aa;Micromonas	100.000	313	0	0	1	313	1	313	4.75e-166	579
M02215:3:000000000-B9JT7:1:1109:13914:193561:N:0:1;size=18;	882bcbeccf43f6ad24cd4dddc65e79df5feeaa78;Bathycoccus	100.000	315	0	0	1	315	1	315	3.43e-167	582
M02215:3:000000000-B9JT7:1:1109:9084:56171:N:0:1;size=32;	74bd536a982117e99a75e40240e0e3b1b1f81a5c;Triparma	100.000	313	0	0	1	313	1	313	4.69e-166	579
M02215:3:000000000-B9JT7:1:1102:11301:54221:N:0:1;size=5;	a64ab751b69ad1c2dc45814951dd0b3fce5c88aa;Micromonas	100.000	313	0	0	1	313	1	313	4.75e-166	579
M02215:3:000000000-B9JT7:1:1102:14001:112191:N:0:1;size=8;	b1a34b52e9dbe50cc0e7728a1c7595dcf1351f25;Littorina	100.000	313	0	0	1	313	1	313	4.59e-166	579
M02215:3:000000000-B9JT7:1:1102:17490:72001:N:0:1;size=5;	a64ab751b69ad1c2dc45814951dd0b3fce5c88aa;Micromonas	100.000	313	0	0	1	313	1	313	4.75e-166	579
M02215:3:000000000-B9JT7:1:1102:25867:154801:N:0:1;size=7;	b1a34b52e9dbe50cc0e7728a1c7595dcf1351f25;Littorina	100.000	313	0	0	1	313	1	313	4.62e-166	579
M02215:3:000000000-B9JT7:1:1103:3960:208411:N:0:1;size=5;	b1a34b52e9dbe50cc0e7728a1c7595dcf1351f25;Littorina	100.000	313	0	0	1	313	1	313	4.75e-166	579
M02215:3:000000000-B9JT7:1:1104:12012:124991:N:0:1;size=5;	a64ab751b69ad1c2dc45814951dd0b3fce5c88aa;Micromonas	100.000	313	0	0	1	313	1	313	4.75e-166	579
M02215:3:000000000-B9JT7:1:1104:17113:238241:N:0:1;size=7;	b1a34b52e9dbe50cc0e7728a1c7595dcf1351f25;Littorina	100.000	313	0	0	1	313	1	313	4.62e-166	579
M02215:3:000000000-B9JT7:1:1104:9360:130361:N:0:1;size=9;	b1a34b52e9dbe50cc0e7728a1c7595dcf1351f25;Littorina	100.000	313	0	0	1	313	1	313	4.75e-166	579
M02215:3:000000000-B9JT7:1:1105:9420:55181:N:0:1;size=5;	74bd536a982117e99a75e40240e0e3b1b1f81a5c;Triparma	100.000	313	0	0	1	313	1	313	4.75e-166	579
M02215:3:000000000-B9JT7:1:1107:23390:105801:N:0:1;size=5;	a64ab751b69ad1c2dc45814951dd0b3fce5c88aa;Micromonas	100.000	313	0	0	1	313	1	313	4.75e-166	579
M02215:3:000000000-B9JT7:1:1107:6483:128021:N:0:1;size=37;	d92752cfdd8fd1a32b49db69adb3e1e7a3b4e8cc;Cyclotella	99.681	313	1	0	1	313	1	313	2.21e-164	573
M02215:3:000000000-B9JT7:1:1107:7045:208331:N:0:1;size=13;	b1a34b52e9dbe50cc0e7728a1c7595dcf1351f25;Littorina	100.000	313	0	0	1	313	1	313	4.75e-166	579
M02215:3:000000000-B9JT7:1:1108:7619:108421:N:0:1;size=5;	b1a34b52e9dbe50cc0e7728a1c7595dcf1351f25;Littorina	100.000	313	0	0	1	313	1	313	4.75e-166	579
M02215:3:000000000-B9JT7:1:1111:11352:58171:N:0:1;size=15;	b1a34b52e9dbe50cc0e7728a1c7595dcf1351f25;Littorina	100.000	313	0	0	1	313	1	313	4.61e-166	579
M02215:3:000000000-B9JT7:1:1111:13593:230131:N:0:1;size=5;	882bcbeccf43f6ad24cd4dddc65e79df5feeaa78;Bathycoccus	99.394	330	2	0	1	330	1	330	3.53e-172	599
M02215:3:000000000-B9JT7:1:1112:22412:153041:N:0:1;size=26;	a64ab751b69ad1c2dc45814951dd0b3fce5c88aa;Micromonas	100.000	313	0	0	1	313	1	313	4.62e-166	579
M02215:3:000000000-B9JT7:1:1101:22982:208221:N:0:1;size=4;	b1a34b52e9dbe50cc0e7728a1c7595dcf1351f25;Littorina	100.000	313	0	0	1	313	1	313	4.59e-166	579
M02215:3:000000000-B9JT7:1:1101:24360:112941:N:0:1;size=4;	a64ab751b69ad1c2dc45814951dd0b3fce5c88aa;Micromonas	100.000	313	0	0	1	313	1	313	4.75e-166	579
M02215:3:000000000-B9JT7:1:1101:9369:157841:N:0:1;size=4;	74bd536a982117e99a75e40240e0e3b1b1f81a5c;Triparma	100.000	313	0	0	1	313	1	313	4.69e-166	579
M02215:3:000000000-B9JT7:1:1102:18799:108411:N:0:1;size=6;	a64ab751b69ad1c2dc45814951dd0b3fce5c88aa;Micromonas	100.000	313	0	0	1	313	1	313	4.75e-166	579
M02215:3:000000000-B9JT7:1:1102:21136:73351:N:0:1;size=4;	b1a34b52e9dbe50cc0e7728a1c7595dcf1351f25;Littorina	100.000	313	0	0	1	313	1	313	4.75e-166	579
M02215:3:000000000-B9JT7:1:1102:24038:120811:N:0:1;size=4;	a64ab751b69ad1c2dc45814951dd0b3fce5c88aa;Micromonas	100.000	313	0	0	1	313	1	313	4.62e-166	579
M02215:3:000000000-B9JT7:1:1102:9933:108061:N:0:1;size=4;	a64ab751b69ad1c2dc45814951dd0b3fce5c88aa;Micromonas	100.000	313	0	0	1	313	1	313	4.75e-166	579
M02215:3:000000000-B9JT7:1:1103:15418:166431:N:0:1;size=8;	d92752cfdd8fd1a32b49db69adb3e1e7a3b4e8cc;Cyclotella	99.681	313	1	0	1	313	1	313	2.18e-164	573
M02215:3:000000000-B9JT7:1:1103:3207:144491:N:0:1;size=13;	b1a34b52e9dbe50cc0e7728a1c7595dcf1351f25;Littorina	100.000	313	0	0	1	313	1	313	4.48e-166	579
M02215:3:000000000-B9JT7:1:1103:7824:122571:N:0:1;size=4;	74bd536a982117e99a75e40240e0e3b1b1f81a5c;Triparma	100.000	313	0	0	1	313	1	313	4.75e-166	579
M02215:3:000000000-B9JT7:1:1104:16696:162221:N:0:1;size=4;	a64ab751b69ad1c2dc45814951dd0b3fce5c88aa;Micromonas	100.000	313	0	0	1	313	1	313	4.75e-166	579
M02215:3:000000000-B9JT7:1:1105:13724:228761:N:0:1;size=20;	b1a34b52e9dbe50cc0e7728a1c7595dcf1351f25;Littorina	100.000	313	0	0	1	313	1	313	4.67e-166	579
M02215:3:000000000-B9JT7:1:1105:20397:245431:N:0:1;size=4;	a64ab751b69ad1c2dc45814951dd0b3fce5c88aa;Micromonas	100.000	313	0	0	1	313	1	313	4.75e-166	579
M02215:3:000000000-B9JT7:1:1107:8103:63571:N:0:1;size=12;	a64ab751b69ad1c2dc45814951dd0b3fce5c88aa;Micromonas	100.000	313	0	0	1	313	1	313	4.56e-166	579
M02215:3:000000000-B9JT7:1:1108:12089:279271:N:0:1;size=9;	a64ab751b69ad1c2dc45814951dd0b3fce5c88aa;Micromonas	100.000	313	0	0	1	313	1	313	4.75e-166	579
M02215:3:000000000-B9JT7:1:1108:15218:49011:N:0:1;size=4;	a64ab751b69ad1c2dc45814951dd0b3fce5c88aa;Micromonas	100.000	313	0	0	1	313	1	313	4.75e-166	579
M02215:3:000000000-B9JT7:1:1109:27349:136381:N:0:1;size=6;	b1a34b52e9dbe50cc0e7728a1c7595dcf1351f25;Littorina	100.000	313	0	0	1	313	1	313	4.62e-166	579
M02215:3:000000000-B9JT7:1:1111:12130:79521:N:0:1;size=4;	b1a34b52e9dbe50cc0e7728a1c7595dcf1351f25;Littorina	100.000	313	0	0	1	313	1	313	4.62e-166	579
M02215:3:000000000-B9JT7:1:1112:20215:199671:N:0:1;size=4;	b1a34b52e9dbe50cc0e7728a1c7595dcf1351f25;Littorina	100.000	313	0	0	1	313	1	313	4.75e-166	579
M02215:3:000000000-B9JT7:1:1101:10041:110231:N:0:1;size=3;	a64ab751b69ad1c2dc45814951dd0b3fce5c88aa;Micromonas	100.000	313	0	0	1	313	1	313	4.75e-166	579
M02215:3:000000000-B9JT7:1:1101:18545:241741:N:0:1;size=3;	a64ab751b69ad1c2dc45814951dd0b3fce5c88aa;Micromonas	100.000	313	0	0	1	313	1	313	4.75e-166	579
M02215:3:000000000-B9JT7:1:1101:25511:150911:N:0:1;size=3;	a64ab751b69ad1c2dc45814951dd0b3fce5c88aa;Micromonas	100.000	313	0	0	1	313	1	313	4.67e-166	579
M02215:3:000000000-B9JT7:1:1101:26866:177351:N:0:1;size=3;	b1a34b52e9dbe50cc0e7728a1c7595dcf1351f25;Littorina	100.000	313	0	0	1	313	1	313	4.75e-166	579
M02215:3:000000000-B9JT7:1:1101:5765:172821:N:0:1;size=3;	882bcbeccf43f6ad24cd4dddc65e79df5feeaa78;Bathycoccus	97.647	340	8	0	1	340	1	340	1.01e-167	584
M02215:3:000000000-B9JT7:1:1101:7676:42071:N:0:1;size=3;	a64ab751b69ad1c2dc45814951dd0b3fce5c88aa;Micromonas	100.000	313	0	0	1	313	1	313	4.75e-166	579
M02215:3:000000000-B9JT7:1:1102:19814:44001:N:0:1;size=3;	32162e451e12cdf5cf3628007e99b0efa1ba946b;Phaeocystis	100.000	313	0	0	1	313	1	313	4.62e-166	579
M02215:3:000000000-B9JT7:1:1102:25663:215881:N:0:1;size=3;	882bcbeccf43f6ad24cd4dddc65e79df5feeaa78;Bathycoccus	98.795	332	3	1	1	332	1	331	2.18e-169	590
M02215:3:000000000-B9JT7:1:1102:4119:190611:N:0:1;size=3;	b1a34b52e9dbe50cc0e7728a1c7595dcf1351f25;Littorina	100.000	313	0	0	1	313	1	313	4.75e-166	579
M02215:3:000000000-B9JT7:1:1102:8123:132901:N:0:1;size=31;	74bd536a982117e99a75e40240e0e3b1b1f81a5c;Triparma	100.000	313	0	0	1	313	1	313	4.75e-166	579
M02215:3:000000000-B9JT7:1:1103:18423:262931:N:0:1;size=10;	74bd536a982117e99a75e40240e0e3b1b1f81a5c;Triparma	100.000	313	0	0	1	313	1	313	4.62e-166	579
M02215:3:000000000-B9JT7:1:1103:19112:129241:N:0:1;size=3;	a64ab751b69ad1c2dc45814951dd0b3fce5c88aa;Micromonas	100.000	297	0	0	1	297	1	297	3.68e-157	549
M02215:3:000000000-B9JT7:1:1103:20972:103581:N:0:1;size=5;	a64ab751b69ad1c2dc45814951dd0b3fce5c88aa;Micromonas	100.000	313	0	0	1	313	1	313	4.48e-166	579
M02215:3:000000000-B9JT7:1:1104:20633:259511:N:0:1;size=3;	d92752cfdd8fd1a32b49db69adb3e1e7a3b4e8cc;Cyclotella	99.681	313	1	0	1	313	1	313	2.19e-164	573
M02215:3:000000000-B9JT7:1:1105:11423:227321:N:0:1;size=3;	b1a34b52e9dbe50cc0e7728a1c7595dcf1351f25;Littorina	100.000	313	0	0	1	313	1	313	4.75e-166	579
M02215:3:000000000-B9JT7:1:1105:8587:156531:N:0:1;size=11;	a64ab751b69ad1c2dc45814951dd0b3fce5c88aa;Micromonas	100.000	313	0	0	1	313	1	313	4.59e-166	579
M02215:3:000000000-B9JT7:1:1106:15050:265341:N:0:1;size=14;	74bd536a982117e99a75e40240e0e3b1b1f81a5c;Triparma	100.000	313	0	0	1	313	1	313	4.75e-166	579
M02215:3:000000000-B9JT7:1:1107:16248:219631:N:0:1;size=3;	6ab38eefaca96b58db2889ba8b9dcd7048db36a0;Bathycoccus	88.215	297	35	0	1	297	1	297	8.72e-99	355
M02215:3:000000000-B9JT7:1:1107:29127:165731:N:0:1;size=3;	a64ab751b69ad1c2dc45814951dd0b3fce5c88aa;Micromonas	100.000	313	0	0	1	313	1	313	4.56e-166	579
M02215:3:000000000-B9JT7:1:1108:9096:137061:N:0:1;size=3;	b1a34b52e9dbe50cc0e7728a1c7595dcf1351f25;Littorina	100.000	313	0	0	1	313	1	313	4.53e-166	579
M02215:3:000000000-B9JT7:1:1109:13803:227571:N:0:1;size=3;	a64ab751b69ad1c2dc45814951dd0b3fce5c88aa;Micromonas	100.000	313	0	0	1	313	1	313	4.75e-166	579
M02215:3:000000000-B9JT7:1:1109:16946:190351:N:0:1;size=7;	74bd536a982117e99a75e40240e0e3b1b1f81a5c;Triparma	100.000	313	0	0	1	313	1	313	4.75e-166	579
M02215:3:000000000-B9JT7:1:1110:11669:139361:N:0:1;size=3;	32162e451e12cdf5cf3628007e99b0efa1ba946b;Phaeocystis	100.000	313	0	0	1	313	1	313	4.75e-166	579
M02215:3:000000000-B9JT7:1:1110:14362:25911:N:0:1;size=3;	74bd536a982117e99a75e40240e0e3b1b1f81a5c;Triparma	100.000	313	0	0	1	313	1	313	4.75e-166	579
M02215:3:000000000-B9JT7:1:1110:20198:74441:N:0:1;size=3;	954c2d6a54f3a580cb8173b46bb5997143517f0e;Bathycoccus	92.628	312	23	0	2	313	2	313	3.85e-127	449
M02215:3:000000000-B9JT7:1:1110:21433:216671:N:0:1;size=7;	74bd536a982117e99a75e40240e0e3b1b1f81a5c;Triparma	100.000	313	0	0	1	313	1	313	4.75e-166	579
M02215:3:000000000-B9JT7:1:1112:5156:141361:N:0:1;size=3;	d92752cfdd8fd1a32b49db69adb3e1e7a3b4e8cc;Cyclotella	99.681	313	1	0	1	313	1	313	2.21e-164	573
M02215:3:000000000-B9JT7:1:2102:14351:253601:N:0:1;size=3;	b1a34b52e9dbe50cc0e7728a1c7595dcf1351f25;Littorina	100.000	313	0	0	1	313	1	313	4.75e-166	579
M02215:3:000000000-B9JT7:1:2104:14135:102811:N:0:1;size=3;	d92752cfdd8fd1a32b49db69adb3e1e7a3b4e8cc;Cyclotella	99.361	313	2	0	1	313	1	313	1.03e-162	568
M02215:3:000000000-B9JT7:1:2104:27692:110061:N:0:1;size=3;	b1a34b52e9dbe50cc0e7728a1c7595dcf1351f25;Littorina	100.000	313	0	0	1	313	1	313	4.75e-166	579
M02215:3:000000000-B9JT7:1:2105:22936:67711:N:0:1;size=3;	74bd536a982117e99a75e40240e0e3b1b1f81a5c;Triparma	100.000	313	0	0	1	313	1	313	4.75e-166	579
M02215:3:000000000-B9JT7:1:1101:14227:94981:N:0:1;size=2;	74bd536a982117e99a75e40240e0e3b1b1f81a5c;Triparma	100.000	313	0	0	1	313	1	313	4.75e-166	579
M02215:3:000000000-B9JT7:1:1101:19619:133851:N:0:1;size=2;	882bcbeccf43f6ad24cd4dddc65e79df5feeaa78;Bathycoccus	98.795	332	3	1	1	332	1	331	2.12e-169	590
M02215:3:000000000-B9JT7:1:1101:22597:66601:N:0:1;size=2;	52ac6f8082f0cfa8b07863f388b5c15ef1ccb145;Micromonas	100.000	313	0	0	1	313	1	313	4.69e-166	579
M02215:3:000000000-B9JT7:1:1101:22952:59681:N:0:1;size=2;	882bcbeccf43f6ad24cd4dddc65e79df5feeaa78;Bathycoccus	98.494	332	4	1	1	332	1	331	1.01e-167	584
M02215:3:000000000-B9JT7:1:1101:27264:205441:N:0:1;size=2;	a64ab751b69ad1c2dc45814951dd0b3fce5c88aa;Micromonas	99.359	312	2	0	2	313	2	313	3.67e-162	566
M02215:3:000000000-B9JT7:1:1101:4134:177361:N:0:1;size=2;	b1a34b52e9dbe50cc0e7728a1c7595dcf1351f25;Littorina	100.000	313	0	0	1	313	1	313	4.67e-166	579
M02215:3:000000000-B9JT7:1:1101:4316:183681:N:0:1;size=2;	5ae1341da7ed3b29f88201563c85b12b0112a65a;Minutocellus	100.000	313	0	0	1	313	1	313	4.75e-166	579
M02215:3:000000000-B9JT7:1:1101:4413:83491:N:0:1;size=6;	d92752cfdd8fd1a32b49db69adb3e1e7a3b4e8cc;Cyclotella	99.681	313	1	0	1	313	1	313	2.21e-164	573
M02215:3:000000000-B9JT7:1:1101:7396:138141:N:0:1;size=2;	74bd536a982117e99a75e40240e0e3b1b1f81a5c;Triparma	100.000	313	0	0	1	313	1	313	4.75e-166	579
M02215:3:000000000-B9JT7:1:1101:8132:201771:N:0:1;size=2;	a64ab751b69ad1c2dc45814951dd0b3fce5c88aa;Micromonas	100.000	312	0	0	2	313	2	313	1.71e-165	577
M02215:3:000000000-B9JT7:1:1102:24910:93621:N:0:1;size=2;	a4c5abb6f8cf3f8e1f96fcd812149a53baef88bd;Micromonas	95.847	313	13	0	1	313	1	313	2.27e-144	507
M02215:3:000000000-B9JT7:1:1102:25893:212701:N:0:1;size=2;	d92752cfdd8fd1a32b49db69adb3e1e7a3b4e8cc;Cyclotella	99.681	313	1	0	1	313	1	313	2.21e-164	573
M02215:3:000000000-B9JT7:1:1102:28136:209101:N:0:1;size=2;	52ac6f8082f0cfa8b07863f388b5c15ef1ccb145;Micromonas	100.000	313	0	0	1	313	1	313	4.69e-166	579
M02215:3:000000000-B9JT7:1:1102:28463:127461:N:0:1;size=2;	882bcbeccf43f6ad24cd4dddc65e79df5feeaa78;Bathycoccus	98.235	340	6	0	1	340	1	340	4.72e-171	595
M02215:3:000000000-B9JT7:1:1102:7200:106011:N:0:1;size=2;	5ae1341da7ed3b29f88201563c85b12b0112a65a;Minutocellus	100.000	313	0	0	1	313	1	313	4.75e-166	579
M02215:3:000000000-B9JT7:1:1102:8256:90451:N:0:1;size=2;	a64ab751b69ad1c2dc45814951dd0b3fce5c88aa;Micromonas	100.000	297	0	0	1	297	1	297	3.73e-157	549
M02215:3:000000000-B9JT7:1:1102:9836:32921:N:0:1;size=2;	a4c5abb6f8cf3f8e1f96fcd812149a53baef88bd;Micromonas	96.805	313	10	0	1	313	1	313	2.26e-149	523
M02215:3:000000000-B9JT7:1:1103:10222:142801:N:0:1;size=2;	882bcbeccf43f6ad24cd4dddc65e79df5feeaa78;Bathycoccus	98.529	340	5	0	1	340	1	340	1.01e-172	601
M02215:3:000000000-B9JT7:1:1103:11691:155631:N:0:1;size=2;	a4c5abb6f8cf3f8e1f96fcd812149a53baef88bd;Micromonas	95.847	313	13	0	1	313	1	313	2.23e-144	507
M02215:3:000000000-B9JT7:1:1103:11808:206231:N:0:1;size=2;	32162e451e12cdf5cf3628007e99b0efa1ba946b;Phaeocystis	100.000	313	0	0	1	313	1	313	4.75e-166	579
M02215:3:000000000-B9JT7:1:1103:12726:202111:N:0:1;size=2;	74bd536a982117e99a75e40240e0e3b1b1f81a5c;Triparma	100.000	313	0	0	1	313	1	313	4.56e-166	579
M02215:3:000000000-B9JT7:1:1103:16079:29321:N:0:1;size=2;	d92752cfdd8fd1a32b49db69adb3e1e7a3b4e8cc;Cyclotella	99.681	313	1	0	1	313	1	313	2.15e-164	573
M02215:3:000000000-B9JT7:1:1103:18540:110401:N:0:1;size=2;	b1a34b52e9dbe50cc0e7728a1c7595dcf1351f25;Littorina	100.000	313	0	0	1	313	1	313	4.75e-166	579
M02215:3:000000000-B9JT7:1:1103:20188:267251:N:0:1;size=2;	9ea20f91ed3a2c0fc68e2be1751ec209caea8712;Dimeregramma	99.681	313	1	0	1	313	1	313	2.15e-164	573
M02215:3:000000000-B9JT7:1:1103:21505:78711:N:0:1;size=2;	74bd536a982117e99a75e40240e0e3b1b1f81a5c;Triparma	100.000	313	0	0	1	313	1	313	4.75e-166	579
M02215:3:000000000-B9JT7:1:1103:21645:133571:N:0:1;size=2;	954c2d6a54f3a580cb8173b46bb5997143517f0e;Bathycoccus	95.192	312	15	0	2	313	2	313	1.77e-140	494
M02215:3:000000000-B9JT7:1:1103:21907:67451:N:0:1;size=2;	882bcbeccf43f6ad24cd4dddc65e79df5feeaa78;Bathycoccus	98.225	338	6	0	1	338	3	340	5.99e-170	592
M02215:3:000000000-B9JT7:1:1103:2258:171881:N:0:1;size=2;	a64ab751b69ad1c2dc45814951dd0b3fce5c88aa;Micromonas	100.000	297	0	0	1	297	1	297	3.68e-157	549
M02215:3:000000000-B9JT7:1:1103:9455:92231:N:0:1;size=2;	882bcbeccf43f6ad24cd4dddc65e79df5feeaa78;Bathycoccus	96.460	339	12	0	2	340	2	340	1.72e-160	560
M02215:3:000000000-B9JT7:1:1103:9877:192541:N:0:1;size=2;	5ae1341da7ed3b29f88201563c85b12b0112a65a;Minutocellus	100.000	313	0	0	1	313	1	313	4.75e-166	579
M02215:3:000000000-B9JT7:1:1104:12024:59231:N:0:1;size=2;	882bcbeccf43f6ad24cd4dddc65e79df5feeaa78;Bathycoccus	98.193	332	5	1	1	332	1	331	4.69e-166	579
M02215:3:000000000-B9JT7:1:1104:12953:238381:N:0:1;size=2;	b1a34b52e9dbe50cc0e7728a1c7595dcf1351f25;Littorina	100.000	313	0	0	1	313	1	313	4.52e-166	579
M02215:3:000000000-B9JT7:1:1104:13820:146641:N:0:1;size=2;	882bcbeccf43f6ad24cd4dddc65e79df5feeaa78;Bathycoccus	97.941	340	7	0	1	340	1	340	2.20e-169	590
M02215:3:000000000-B9JT7:1:1104:13996:200341:N:0:1;size=2;	882bcbeccf43f6ad24cd4dddc65e79df5feeaa78;Bathycoccus	97.647	340	7	1	1	339	1	340	3.62e-167	582
M02215:3:000000000-B9JT7:1:1104:17856:205711:N:0:1;size=2;	954c2d6a54f3a580cb8173b46bb5997143517f0e;Bathycoccus	95.192	312	15	0	2	313	2	313	1.77e-140	494
M02215:3:000000000-B9JT7:1:1104:18241:287481:N:0:1;size=2;	dcaf7f874689c3d55666a06e5f29a433d213eb4d;Phaeocystis	98.328	299	4	1	16	313	15	313	2.26e-149	523
M02215:3:000000000-B9JT7:1:1104:18653:111751:N:0:1;size=2;	a68693b3043b9d50a8c7e70db541da55c9a7d24d;Pseudocalanus	99.681	313	1	0	1	313	1	313	2.18e-164	573
M02215:3:000000000-B9JT7:1:1104:19115:145061:N:0:1;size=2;	882bcbeccf43f6ad24cd4dddc65e79df5feeaa78;Bathycoccus	99.394	330	2	0	1	330	1	330	3.65e-172	599
M02215:3:000000000-B9JT7:1:1104:19315:120801:N:0:1;size=2;	882bcbeccf43f6ad24cd4dddc65e79df5feeaa78;Bathycoccus	98.529	340	5	0	1	340	1	340	1.01e-172	601
M02215:3:000000000-B9JT7:1:1104:20233:188441:N:0:1;size=2;	882bcbeccf43f6ad24cd4dddc65e79df5feeaa78;Bathycoccus	96.460	339	12	0	2	340	2	340	1.72e-160	560
M02215:3:000000000-B9JT7:1:1104:21046:109691:N:0:1;size=2;	882bcbeccf43f6ad24cd4dddc65e79df5feeaa78;Bathycoccus	97.353	340	9	0	1	340	1	340	4.71e-166	579
M02215:3:000000000-B9JT7:1:1104:25961:81641:N:0:1;size=2;	882bcbeccf43f6ad24cd4dddc65e79df5feeaa78;Bathycoccus	98.795	332	3	1	1	332	1	331	2.10e-169	590
M02215:3:000000000-B9JT7:1:1104:28487:173181:N:0:1;size=2;	954c2d6a54f3a580cb8173b46bb5997143517f0e;Bathycoccus	95.192	312	15	0	2	313	2	313	1.75e-140	494
M02215:3:000000000-B9JT7:1:1104:6451:172161:N:0:1;size=2;	a64ab751b69ad1c2dc45814951dd0b3fce5c88aa;Micromonas	100.000	313	0	0	1	313	1	313	4.55e-166	579
M02215:3:000000000-B9JT7:1:1104:7361:86611:N:0:1;size=2;	a64ab751b69ad1c2dc45814951dd0b3fce5c88aa;Micromonas	100.000	313	0	0	1	313	1	313	4.75e-166	579
M02215:3:000000000-B9JT7:1:1104:9792:47591:N:0:1;size=2;	b1a34b52e9dbe50cc0e7728a1c7595dcf1351f25;Littorina	99.681	313	1	0	1	313	1	313	2.21e-164	573
M02215:3:000000000-B9JT7:1:1105:11826:161261:N:0:1;size=2;	882bcbeccf43f6ad24cd4dddc65e79df5feeaa78;Bathycoccus	98.512	336	5	0	1	336	1	336	1.70e-170	593
M02215:3:000000000-B9JT7:1:1105:13042:104561:N:0:1;size=2;	760e57988a24b56db75041740f3b1e9406094e56;Macrocystis	100.000	313	0	0	1	313	1	313	4.69e-166	579
M02215:3:000000000-B9JT7:1:1105:14280:224791:N:0:1;size=2;	a68693b3043b9d50a8c7e70db541da55c9a7d24d;Pseudocalanus	99.681	313	1	0	1	313	1	313	2.21e-164	573
M02215:3:000000000-B9JT7:1:1105:16841:188451:N:0:1;size=2;	d92752cfdd8fd1a32b49db69adb3e1e7a3b4e8cc;Cyclotella	99.681	313	1	0	1	313	1	313	2.21e-164	573
M02215:3:000000000-B9JT7:1:1105:16913:90281:N:0:1;size=2;	882bcbeccf43f6ad24cd4dddc65e79df5feeaa78;Bathycoccus	98.810	336	4	0	1	336	1	336	3.65e-172	599
M02215:3:000000000-B9JT7:1:1105:20195:26431:N:0:1;size=2;	a64ab751b69ad1c2dc45814951dd0b3fce5c88aa;Micromonas	100.000	313	0	0	1	313	1	313	4.58e-166	579
M02215:3:000000000-B9JT7:1:1105:21607:278601:N:0:1;size=2;	32162e451e12cdf5cf3628007e99b0efa1ba946b;Phaeocystis	100.000	313	0	0	1	313	1	313	4.75e-166	579
M02215:3:000000000-B9JT7:1:1105:22312:219611:N:0:1;size=2;	d92752cfdd8fd1a32b49db69adb3e1e7a3b4e8cc;Cyclotella	99.681	313	1	0	1	313	1	313	2.21e-164	573
M02215:3:000000000-B9JT7:1:1105:23546:54021:N:0:1;size=2;	a4c5abb6f8cf3f8e1f96fcd812149a53baef88bd;Micromonas	96.805	313	10	0	1	313	1	313	2.26e-149	523
M02215:3:000000000-B9JT7:1:1105:24164:168051:N:0:1;size=2;	882bcbeccf43f6ad24cd4dddc65e79df5feeaa78;Bathycoccus	99.383	324	2	0	1	324	1	324	7.32e-169	588
M02215:3:000000000-B9JT7:1:1105:24372:80301:N:0:1;size=2;	a64ab751b69ad1c2dc45814951dd0b3fce5c88aa;Micromonas	100.000	313	0	0	1	313	1	313	4.75e-166	579
M02215:3:000000000-B9JT7:1:1105:25365:62171:N:0:1;size=2;	af7152e514a5fe07118bba71dc8d72265671a7d5;Macrocystis	100.000	313	0	0	1	313	1	313	4.75e-166	579
M02215:3:000000000-B9JT7:1:1105:25640:112261:N:0:1;size=2;	882bcbeccf43f6ad24cd4dddc65e79df5feeaa78;Bathycoccus	98.788	330	3	1	1	330	3	331	2.80e-168	586
M02215:3:000000000-B9JT7:1:1105:4290:79901:N:0:1;size=2;	a64ab751b69ad1c2dc45814951dd0b3fce5c88aa;Micromonas	100.000	313	0	0	1	313	1	313	4.67e-166	579
M02215:3:000000000-B9JT7:1:1106:12130:146061:N:0:1;size=2;	882bcbeccf43f6ad24cd4dddc65e79df5feeaa78;Bathycoccus	99.091	330	3	0	1	330	1	330	1.70e-170	593
M02215:3:000000000-B9JT7:1:1106:14686:193011:N:0:1;size=2;	74bd536a982117e99a75e40240e0e3b1b1f81a5c;Triparma	100.000	313	0	0	1	313	1	313	4.75e-166	579
M02215:3:000000000-B9JT7:1:1106:15473:30531:N:0:1;size=2;	a2fed36fa523d70186b44a4861f172805c88e93f;Micromonas	98.077	312	6	0	1	312	1	312	1.73e-155	544
M02215:3:000000000-B9JT7:1:1106:19506:186021:N:0:1;size=2;	d92752cfdd8fd1a32b49db69adb3e1e7a3b4e8cc;Cyclotella	99.681	313	1	0	1	313	1	313	2.21e-164	573
M02215:3:000000000-B9JT7:1:1106:22506:172881:N:0:1;size=2;	d92752cfdd8fd1a32b49db69adb3e1e7a3b4e8cc;Cyclotella	99.681	313	1	0	1	313	1	313	2.21e-164	573
M02215:3:000000000-B9JT7:1:1106:23039:66841:N:0:1;size=2;	74bd536a982117e99a75e40240e0e3b1b1f81a5c;Triparma	100.000	313	0	0	1	313	1	313	4.75e-166	579
M02215:3:000000000-B9JT7:1:1106:23354:37441:N:0:1;size=2;	a64ab751b69ad1c2dc45814951dd0b3fce5c88aa;Micromonas	100.000	297	0	0	1	297	1	297	3.73e-157	549
M02215:3:000000000-B9JT7:1:1106:24973:140591:N:0:1;size=2;	a4c5abb6f8cf3f8e1f96fcd812149a53baef88bd;Micromonas	96.805	313	10	0	1	313	1	313	2.26e-149	523
M02215:3:000000000-B9JT7:1:1106:3718:111451:N:0:1;size=2;	6ab38eefaca96b58db2889ba8b9dcd7048db36a0;Bathycoccus	88.215	297	35	0	1	297	1	297	8.61e-99	355
M02215:3:000000000-B9JT7:1:1106:8588:131111:N:0:1;size=2;	882bcbeccf43f6ad24cd4dddc65e79df5feeaa78;Bathycoccus	100.000	315	0	0	1	315	1	315	3.30e-167	582
M02215:3:000000000-B9JT7:1:1106:8749:95201:N:0:1;size=2;	74bd536a982117e99a75e40240e0e3b1b1f81a5c;Triparma	100.000	279	0	0	35	313	35	313	3.78e-147	516
M02215:3:000000000-B9JT7:1:1106:9761:64271:N:0:1;size=2;	d92752cfdd8fd1a32b49db69adb3e1e7a3b4e8cc;Cyclotella	99.361	313	2	0	1	313	1	313	1.03e-162	568
M02215:3:000000000-B9JT7:1:1107:11108:189031:N:0:1;size=2;	d92752cfdd8fd1a32b49db69adb3e1e7a3b4e8cc;Cyclotella	99.361	313	2	0	1	313	1	313	1.00e-162	568
M02215:3:000000000-B9JT7:1:1107:18844:239901:N:0:1;size=2;	954c2d6a54f3a580cb8173b46bb5997143517f0e;Bathycoccus	95.192	312	15	0	2	313	2	313	1.77e-140	494
M02215:3:000000000-B9JT7:1:1107:20083:41831:N:0:1;size=2;	882bcbeccf43f6ad24cd4dddc65e79df5feeaa78;Bathycoccus	97.353	340	9	0	1	340	1	340	4.75e-166	579
M02215:3:000000000-B9JT7:1:1107:21139:222821:N:0:1;size=2;	69a16b54fda2d1a3865ffd17f8a1160cd50408b8;Mazzaella	87.898	314	34	3	1	312	1	312	3.98e-102	366
M02215:3:000000000-B9JT7:1:1107:22738:208941:N:0:1;size=2;	b1a34b52e9dbe50cc0e7728a1c7595dcf1351f25;Littorina	100.000	313	0	0	1	313	1	313	4.71e-166	579
M02215:3:000000000-B9JT7:1:1107:24637:166031:N:0:1;size=2;	b1a34b52e9dbe50cc0e7728a1c7595dcf1351f25;Littorina	100.000	313	0	0	1	313	1	313	4.75e-166	579
M02215:3:000000000-B9JT7:1:1107:26837:190451:N:0:1;size=2;	d92752cfdd8fd1a32b49db69adb3e1e7a3b4e8cc;Cyclotella	99.681	313	1	0	1	313	1	313	2.21e-164	573
M02215:3:000000000-B9JT7:1:1107:7357:146711:N:0:1;size=2;	882bcbeccf43f6ad24cd4dddc65e79df5feeaa78;Bathycoccus	96.188	341	11	2	1	340	1	340	2.23e-159	556
M02215:3:000000000-B9JT7:1:1108:13094:60861:N:0:1;size=2;	d92752cfdd8fd1a32b49db69adb3e1e7a3b4e8cc;Cyclotella	99.681	313	1	0	1	313	1	313	2.21e-164	573
M02215:3:000000000-B9JT7:1:1108:16132:70181:N:0:1;size=2;	b1a34b52e9dbe50cc0e7728a1c7595dcf1351f25;Littorina	99.361	313	2	0	1	313	1	313	1.03e-162	568
M02215:3:000000000-B9JT7:1:1108:17855:61611:N:0:1;size=2;	882bcbeccf43f6ad24cd4dddc65e79df5feeaa78;Bathycoccus	97.941	340	7	0	1	340	1	340	2.20e-169	590
M02215:3:000000000-B9JT7:1:1108:22078:203771:N:0:1;size=2;	a4c5abb6f8cf3f8e1f96fcd812149a53baef88bd;Micromonas	99.361	313	2	0	1	313	1	313	1.03e-162	568
M02215:3:000000000-B9JT7:1:1108:22385:218841:N:0:1;size=2;	d92752cfdd8fd1a32b49db69adb3e1e7a3b4e8cc;Cyclotella	99.681	313	1	0	1	313	1	313	2.21e-164	573
M02215:3:000000000-B9JT7:1:1108:2484:116451:N:0:1;size=2;	d92752cfdd8fd1a32b49db69adb3e1e7a3b4e8cc;Cyclotella	99.681	313	1	0	1	313	1	313	2.21e-164	573
M02215:3:000000000-B9JT7:1:1108:25975:197361:N:0:1;size=2;	d92752cfdd8fd1a32b49db69adb3e1e7a3b4e8cc;Cyclotella	99.681	313	1	0	1	313	1	313	2.21e-164	573
M02215:3:000000000-B9JT7:1:1108:3255:103491:N:0:1;size=2;	882bcbeccf43f6ad24cd4dddc65e79df5feeaa78;Bathycoccus	97.941	340	7	0	1	340	1	340	2.20e-169	590
M02215:3:000000000-B9JT7:1:1108:4533:196441:N:0:1;size=2;	882bcbeccf43f6ad24cd4dddc65e79df5feeaa78;Bathycoccus	99.394	330	2	0	1	330	1	330	3.65e-172	599
M02215:3:000000000-B9JT7:1:1108:5573:197901:N:0:1;size=4;	b1a34b52e9dbe50cc0e7728a1c7595dcf1351f25;Littorina	100.000	313	0	0	1	313	1	313	4.75e-166	579
M02215:3:000000000-B9JT7:1:1108:6756:148761:N:0:1;size=2;	32162e451e12cdf5cf3628007e99b0efa1ba946b;Phaeocystis	100.000	313	0	0	1	313	1	313	4.75e-166	579
M02215:3:000000000-B9JT7:1:1108:9654:164911:N:0:1;size=2;	882bcbeccf43f6ad24cd4dddc65e79df5feeaa78;Bathycoccus	98.235	340	6	0	1	340	1	340	4.72e-171	595
M02215:3:000000000-B9JT7:1:1109:11007:80111:N:0:1;size=2;	ec648dd8f07e687f8887f006f05d9740edf238ee;Bathycoccus	97.756	312	7	0	2	313	2	313	7.97e-154	538
M02215:3:000000000-B9JT7:1:1109:15266:77061:N:0:1;size=2;	a64ab751b69ad1c2dc45814951dd0b3fce5c88aa;Micromonas	100.000	297	0	0	1	297	1	297	3.73e-157	549
M02215:3:000000000-B9JT7:1:1109:16955:159831:N:0:1;size=2;	a64ab751b69ad1c2dc45814951dd0b3fce5c88aa;Micromonas	100.000	297	0	0	1	297	1	297	3.73e-157	549
M02215:3:000000000-B9JT7:1:1109:19670:214791:N:0:1;size=2;	ec648dd8f07e687f8887f006f05d9740edf238ee;Bathycoccus	97.764	313	7	0	1	313	1	313	2.22e-154	540
M02215:3:000000000-B9JT7:1:1109:24607:173411:N:0:1;size=2;	6f98e637735b187cd156c79b8f022a0bc63d5fc5;Micromonas	100.000	313	0	0	1	313	1	313	4.75e-166	579
M02215:3:000000000-B9JT7:1:1109:26403:188661:N:0:1;size=2;	32162e451e12cdf5cf3628007e99b0efa1ba946b;Phaeocystis	100.000	313	0	0	1	313	1	313	4.75e-166	579
M02215:3:000000000-B9JT7:1:1109:6398:64561:N:0:1;size=2;	dcaf7f874689c3d55666a06e5f29a433d213eb4d;Phaeocystis	98.658	298	3	1	17	313	16	313	1.75e-150	527
M02215:3:000000000-B9JT7:1:1110:10848:264831:N:0:1;size=2;	882bcbeccf43f6ad24cd4dddc65e79df5feeaa78;Bathycoccus	98.489	331	4	1	2	332	2	331	3.52e-167	582
M02215:3:000000000-B9JT7:1:1110:13243:166821:N:0:1;size=2;	b1a34b52e9dbe50cc0e7728a1c7595dcf1351f25;Littorina	100.000	313	0	0	1	313	1	313	4.75e-166	579
M02215:3:000000000-B9JT7:1:1110:15758:217161:N:0:1;size=2;	b1a34b52e9dbe50cc0e7728a1c7595dcf1351f25;Littorina	99.681	313	1	0	1	313	1	313	2.20e-164	573
M02215:3:000000000-B9JT7:1:1110:21582:49921:N:0:1;size=2;	9402a7067c5f07e093e31adf849318245f495bb9;Micromonas	100.000	313	0	0	1	313	1	313	4.75e-166	579
M02215:3:000000000-B9JT7:1:1110:28230:99531:N:0:1;size=2;	74bd536a982117e99a75e40240e0e3b1b1f81a5c;Triparma	100.000	313	0	0	1	313	1	313	4.62e-166	579
M02215:3:000000000-B9JT7:1:1111:14981:87021:N:0:1;size=2;	74bd536a982117e99a75e40240e0e3b1b1f81a5c;Triparma	100.000	313	0	0	1	313	1	313	4.75e-166	579
M02215:3:000000000-B9JT7:1:1111:16395:206611:N:0:1;size=2;	d92752cfdd8fd1a32b49db69adb3e1e7a3b4e8cc;Cyclotella	99.681	313	1	0	1	313	1	313	2.14e-164	573
M02215:3:000000000-B9JT7:1:1111:17171:260761:N:0:1;size=2;	a4c5abb6f8cf3f8e1f96fcd812149a53baef88bd;Micromonas	95.847	313	13	0	1	313	1	313	2.27e-144	507
M02215:3:000000000-B9JT7:1:1111:20378:43041:N:0:1;size=2;	d92752cfdd8fd1a32b49db69adb3e1e7a3b4e8cc;Cyclotella	99.361	313	2	0	1	313	1	313	1.02e-162	568
M02215:3:000000000-B9JT7:1:1111:21257:52641:N:0:1;size=2;	882bcbeccf43f6ad24cd4dddc65e79df5feeaa78;Bathycoccus	97.647	340	8	0	1	340	1	340	1.02e-167	584
M02215:3:000000000-B9JT7:1:1111:21725:147481:N:0:1;size=2;	d92752cfdd8fd1a32b49db69adb3e1e7a3b4e8cc;Cyclotella	99.681	313	1	0	1	313	1	313	2.21e-164	573
M02215:3:000000000-B9JT7:1:1111:2397:159291:N:0:1;size=2;	d92752cfdd8fd1a32b49db69adb3e1e7a3b4e8cc;Cyclotella	99.681	313	1	0	1	313	1	313	2.21e-164	573
M02215:3:000000000-B9JT7:1:1111:24861:147551:N:0:1;size=2;	a64ab751b69ad1c2dc45814951dd0b3fce5c88aa;Micromonas	100.000	312	0	0	2	313	2	313	1.71e-165	577
M02215:3:000000000-B9JT7:1:1112:11384:33811:N:0:1;size=2;	a4c5abb6f8cf3f8e1f96fcd812149a53baef88bd;Micromonas	94.888	313	16	0	1	313	1	313	2.29e-139	490
M02215:3:000000000-B9JT7:1:1112:12998:29501:N:0:1;size=2;	a64ab751b69ad1c2dc45814951dd0b3fce5c88aa;Micromonas	100.000	313	0	0	1	313	1	313	4.75e-166	579
M02215:3:000000000-B9JT7:1:1112:15477:241901:N:0:1;size=2;	a4c5abb6f8cf3f8e1f96fcd812149a53baef88bd;Micromonas	96.805	313	10	0	1	313	1	313	2.26e-149	523
M02215:3:000000000-B9JT7:1:1112:17851:29851:N:0:1;size=2;	882bcbeccf43f6ad24cd4dddc65e79df5feeaa78;Bathycoccus	97.647	340	8	0	1	340	1	340	1.02e-167	584
M02215:3:000000000-B9JT7:1:1112:18626:276701:N:0:1;size=2;	882bcbeccf43f6ad24cd4dddc65e79df5feeaa78;Bathycoccus	97.353	340	9	0	1	340	1	340	4.75e-166	579
M02215:3:000000000-B9JT7:1:1112:22807:58561:N:0:1;size=2;	a4c5abb6f8cf3f8e1f96fcd812149a53baef88bd;Micromonas	95.208	313	15	0	1	313	1	313	4.92e-141	496
M02215:3:000000000-B9JT7:1:1113:14435:20591:N:0:1;size=2;	b1a34b52e9dbe50cc0e7728a1c7595dcf1351f25;Littorina	100.000	313	0	0	1	313	1	313	4.75e-166	579
M02215:3:000000000-B9JT7:1:1113:17431:70421:N:0:1;size=2;	d92752cfdd8fd1a32b49db69adb3e1e7a3b4e8cc;Cyclotella	99.681	313	1	0	1	313	1	313	2.21e-164	573
M02215:3:000000000-B9JT7:1:1113:18679:23881:N:0:1;size=2;	5ae1341da7ed3b29f88201563c85b12b0112a65a;Minutocellus	100.000	313	0	0	1	313	1	313	4.71e-166	579
M02215:3:000000000-B9JT7:1:1113:3308:172351:N:0:1;size=2;	6ab38eefaca96b58db2889ba8b9dcd7048db36a0;Bathycoccus	88.215	297	35	0	1	297	1	297	8.72e-99	355
M02215:3:000000000-B9JT7:1:1114:12850:59141:N:0:1;size=2;	b1a34b52e9dbe50cc0e7728a1c7595dcf1351f25;Littorina	99.681	313	1	0	1	313	1	313	2.21e-164	573
M02215:3:000000000-B9JT7:1:1114:22058:198531:N:0:1;size=2;	882bcbeccf43f6ad24cd4dddc65e79df5feeaa78;Bathycoccus	98.824	340	4	0	1	340	1	340	2.18e-174	606
M02215:3:000000000-B9JT7:1:1114:22636:218591:N:0:1;size=2;	32162e451e12cdf5cf3628007e99b0efa1ba946b;Phaeocystis	100.000	313	0	0	1	313	1	313	4.75e-166	579
M02215:3:000000000-B9JT7:1:1114:22642:260841:N:0:1;size=2;	882bcbeccf43f6ad24cd4dddc65e79df5feeaa78;Bathycoccus	98.788	330	4	0	1	330	1	330	7.90e-169	588
M02215:3:000000000-B9JT7:1:1114:3169:120771:N:0:1;size=2;	b1a34b52e9dbe50cc0e7728a1c7595dcf1351f25;Littorina	100.000	313	0	0	1	313	1	313	4.75e-166	579
M02215:3:000000000-B9JT7:1:1114:5067:214321:N:0:1;size=2;	74bd536a982117e99a75e40240e0e3b1b1f81a5c;Triparma	100.000	313	0	0	1	313	1	313	4.71e-166	579
M02215:3:000000000-B9JT7:1:1114:6998:113981:N:0:1;size=2;	882bcbeccf43f6ad24cd4dddc65e79df5feeaa78;Bathycoccus	99.394	330	2	0	1	330	1	330	3.61e-172	599
M02215:3:000000000-B9JT7:1:2101:11028:39841:N:0:1;size=2;	d36dc7ae7303e2a3a0180d5ac26ff5e683e0d563;Phaeocystis	94.792	288	15	0	26	313	26	313	3.89e-127	449
M02215:3:000000000-B9JT7:1:2101:12068:127851:N:0:1;size=2;	882bcbeccf43f6ad24cd4dddc65e79df5feeaa78;Bathycoccus	98.529	340	5	0	1	340	1	340	1.01e-172	601
M02215:3:000000000-B9JT7:1:2101:13502:254161:N:0:1;size=2;	d92752cfdd8fd1a32b49db69adb3e1e7a3b4e8cc;Cyclotella	99.681	313	1	0	1	313	1	313	2.21e-164	573
M02215:3:000000000-B9JT7:1:2101:16430:240461:N:0:1;size=2;	d92752cfdd8fd1a32b49db69adb3e1e7a3b4e8cc;Cyclotella	99.667	300	1	0	1	300	1	300	3.73e-157	549
M02215:3:000000000-B9JT7:1:2101:17296:252151:N:0:1;size=2;	a64ab751b69ad1c2dc45814951dd0b3fce5c88aa;Micromonas	99.681	313	1	0	1	313	1	313	2.21e-164	573
M02215:3:000000000-B9JT7:1:2101:20520:122011:N:0:1;size=2;	882bcbeccf43f6ad24cd4dddc65e79df5feeaa78;Bathycoccus	99.091	330	3	0	1	330	1	330	1.67e-170	593
M02215:3:000000000-B9JT7:1:2101:22590:41321:N:0:1;size=2;	882bcbeccf43f6ad24cd4dddc65e79df5feeaa78;Bathycoccus	98.521	338	5	0	1	338	3	340	1.30e-171	597
M02215:3:000000000-B9JT7:1:2101:24418:79401:N:0:1;size=2;	d92752cfdd8fd1a32b49db69adb3e1e7a3b4e8cc;Cyclotella	99.681	313	1	0	1	313	1	313	2.21e-164	573
M02215:3:000000000-B9JT7:1:2101:9759:68921:N:0:1;size=2;	b1a34b52e9dbe50cc0e7728a1c7595dcf1351f25;Littorina	100.000	313	0	0	1	313	1	313	4.75e-166	579
M02215:3:000000000-B9JT7:1:2102:13242:71771:N:0:1;size=2;	74bd536a982117e99a75e40240e0e3b1b1f81a5c;Triparma	100.000	313	0	0	1	313	1	313	4.69e-166	579
M02215:3:000000000-B9JT7:1:2102:16682:147331:N:0:1;size=2;	b1a34b52e9dbe50cc0e7728a1c7595dcf1351f25;Littorina	100.000	313	0	0	1	313	1	313	4.33e-166	579
M02215:3:000000000-B9JT7:1:2102:7171:174511:N:0:1;size=2;	d92752cfdd8fd1a32b49db69adb3e1e7a3b4e8cc;Cyclotella	99.681	313	1	0	1	313	1	313	2.21e-164	573
M02215:3:000000000-B9JT7:1:2103:19324:72791:N:0:1;size=2;	74bd536a982117e99a75e40240e0e3b1b1f81a5c;Triparma	100.000	313	0	0	1	313	1	313	4.75e-166	579
M02215:3:000000000-B9JT7:1:2104:11342:109221:N:0:1;size=2;	882bcbeccf43f6ad24cd4dddc65e79df5feeaa78;Bathycoccus	96.165	339	13	0	2	340	2	340	8.01e-159	555
M02215:3:000000000-B9JT7:1:2104:13518:41631:N:0:1;size=2;	a64ab751b69ad1c2dc45814951dd0b3fce5c88aa;Micromonas	99.361	313	2	0	1	313	1	313	1.03e-162	568
M02215:3:000000000-B9JT7:1:2104:18943:264041:N:0:1;size=2;	882bcbeccf43f6ad24cd4dddc65e79df5feeaa78;Bathycoccus	98.788	330	4	0	1	330	1	330	7.90e-169	588
M02215:3:000000000-B9JT7:1:2104:26718:143611:N:0:1;size=2;	b1a34b52e9dbe50cc0e7728a1c7595dcf1351f25;Littorina	100.000	313	0	0	1	313	1	313	4.75e-166	579
M02215:3:000000000-B9JT7:1:2105:12241:169301:N:0:1;size=2;	882bcbeccf43f6ad24cd4dddc65e79df5feeaa78;Bathycoccus	98.235	340	6	0	1	340	1	340	4.72e-171	595
M02215:3:000000000-B9JT7:1:2105:24878:82261:N:0:1;size=2;	882bcbeccf43f6ad24cd4dddc65e79df5feeaa78;Bathycoccus	100.000	315	0	0	1	315	1	315	3.33e-167	582
M02215:3:000000000-B9JT7:1:2106:11923:25021:N:0:1;size=2;	a2fed36fa523d70186b44a4861f172805c88e93f;Micromonas	98.083	313	6	0	1	313	1	313	4.82e-156	545
M02215:3:000000000-B9JT7:1:2106:12270:275281:N:0:1;size=2;	74bd536a982117e99a75e40240e0e3b1b1f81a5c;Triparma	100.000	313	0	0	1	313	1	313	4.75e-166	579
M02215:3:000000000-B9JT7:1:2106:16699:65881:N:0:1;size=2;	a68693b3043b9d50a8c7e70db541da55c9a7d24d;Pseudocalanus	99.681	313	1	0	1	313	1	313	2.21e-164	573
M02215:3:000000000-B9JT7:1:2106:17453:38251:N:0:1;size=2;	74bd536a982117e99a75e40240e0e3b1b1f81a5c;Triparma	100.000	313	0	0	1	313	1	313	4.75e-166	579
M02215:3:000000000-B9JT7:1:2106:6151:232811:N:0:1;size=2;	74bd536a982117e99a75e40240e0e3b1b1f81a5c;Triparma	100.000	313	0	0	1	313	1	313	4.75e-166	579
M02215:3:000000000-B9JT7:1:2107:14250:21371:N:0:1;size=2;	a64ab751b69ad1c2dc45814951dd0b3fce5c88aa;Micromonas	100.000	312	0	0	2	313	2	313	1.71e-165	577
M02215:3:000000000-B9JT7:1:2108:13641:275871:N:0:1;size=2;	882bcbeccf43f6ad24cd4dddc65e79df5feeaa78;Bathycoccus	85.630	341	47	2	1	340	1	340	2.42e-99	357
M02215:3:000000000-B9JT7:1:2108:14036:261871:N:0:1;size=2;	a64ab751b69ad1c2dc45814951dd0b3fce5c88aa;Micromonas	100.000	313	0	0	1	313	1	313	4.55e-166	579
M02215:3:000000000-B9JT7:1:2108:14617:115841:N:0:1;size=2;	d92752cfdd8fd1a32b49db69adb3e1e7a3b4e8cc;Cyclotella	99.681	313	1	0	1	313	1	313	2.21e-164	573
M02215:3:000000000-B9JT7:1:2108:18132:82921:N:0:1;size=2;	74bd536a982117e99a75e40240e0e3b1b1f81a5c;Triparma	100.000	313	0	0	1	313	1	313	4.75e-166	579
M02215:3:000000000-B9JT7:1:2108:6707:208531:N:0:1;size=2;	74bd536a982117e99a75e40240e0e3b1b1f81a5c;Triparma	100.000	313	0	0	1	313	1	313	4.75e-166	579
M02215:3:000000000-B9JT7:1:2109:13108:128911:N:0:1;size=2;	882bcbeccf43f6ad24cd4dddc65e79df5feeaa78;Bathycoccus	98.529	340	5	0	1	340	1	340	1.01e-172	601
M02215:3:000000000-B9JT7:1:2109:23383:169651:N:0:1;size=2;	a4c5abb6f8cf3f8e1f96fcd812149a53baef88bd;Micromonas	99.361	313	2	0	1	313	1	313	1.02e-162	568
M02215:3:000000000-B9JT7:1:2110:7554:262451:N:0:1;size=2;	882bcbeccf43f6ad24cd4dddc65e79df5feeaa78;Bathycoccus	98.788	330	4	0	1	330	1	330	7.68e-169	588
M02215:3:000000000-B9JT7:1:2111:13937:138151:N:0:1;size=2;	d92752cfdd8fd1a32b49db69adb3e1e7a3b4e8cc;Cyclotella	99.681	313	1	0	1	313	1	313	2.21e-164	573
M02215:3:000000000-B9JT7:1:2111:19780:170241:N:0:1;size=2;	882bcbeccf43f6ad24cd4dddc65e79df5feeaa78;Bathycoccus	98.795	332	3	1	1	332	1	331	2.20e-169	590
M02215:3:000000000-B9JT7:1:2112:20717:59291:N:0:1;size=2;	74bd536a982117e99a75e40240e0e3b1b1f81a5c;Triparma	100.000	313	0	0	1	313	1	313	4.75e-166	579
M02215:3:000000000-B9JT7:1:2112:23928:254451:N:0:1;size=2;	a64ab751b69ad1c2dc45814951dd0b3fce5c88aa;Micromonas	100.000	297	0	0	1	297	1	297	3.69e-157	549
M02215:3:000000000-B9JT7:1:2112:7729:60551:N:0:1;size=2;	882bcbeccf43f6ad24cd4dddc65e79df5feeaa78;Bathycoccus	97.941	340	7	0	1	340	1	340	2.17e-169	590
M02215:3:000000000-B9JT7:1:2114:26876:113961:N:0:1;size=2;	74bd536a982117e99a75e40240e0e3b1b1f81a5c;Triparma	99.642	279	1	0	35	313	35	313	1.74e-145	510
