M02215:3:000000000-B9JT7:1:1101:22049:153961:N:0:1;size=4699;	882bcbeccf43f6ad24cd4dddc65e79df5feeaa78;Bathycoccus	98.788	330	4	0	1	330	1	330	7.90e-169	588
M02215:3:000000000-B9JT7:1:1101:18452:138431:N:0:1;size=327;	b264612d43af5a13d95043e41b1ea19da2844fb9;Centropages	100.000	313	0	0	1	313	1	313	4.69e-166	579
M02215:3:000000000-B9JT7:1:1101:10680:207211:N:0:1;size=1466;	b264612d43af5a13d95043e41b1ea19da2844fb9;Centropages	100.000	313	0	0	1	313	1	313	4.75e-166	579
M02215:3:000000000-B9JT7:1:1101:27225:182981:N:0:1;size=18;	882bcbeccf43f6ad24cd4dddc65e79df5feeaa78;Bathycoccus	98.512	336	5	0	1	336	1	336	1.70e-170	593
M02215:3:000000000-B9JT7:1:1103:22974:235501:N:0:1;size=341;	b1a34b52e9dbe50cc0e7728a1c7595dcf1351f25;Littorina	100.000	313	0	0	1	313	1	313	4.69e-166	579
M02215:3:000000000-B9JT7:1:1101:14997:93591:N:0:1;size=235;	a64ab751b69ad1c2dc45814951dd0b3fce5c88aa;Micromonas	100.000	313	0	0	1	313	1	313	4.69e-166	579
M02215:3:000000000-B9JT7:1:1102:20965:45781:N:0:1;size=14;	882bcbeccf43f6ad24cd4dddc65e79df5feeaa78;Bathycoccus	98.788	330	4	0	1	330	1	330	7.90e-169	588
M02215:3:000000000-B9JT7:1:1103:16498:73631:N:0:1;size=876;	a64ab751b69ad1c2dc45814951dd0b3fce5c88aa;Micromonas	100.000	313	0	0	1	313	1	313	4.75e-166	579
M02215:3:000000000-B9JT7:1:1101:11609:182241:N:0:1;size=19;	b264612d43af5a13d95043e41b1ea19da2844fb9;Centropages	100.000	313	0	0	1	313	1	313	4.71e-166	579
M02215:3:000000000-B9JT7:1:1101:21699:240731:N:0:1;size=91;	882bcbeccf43f6ad24cd4dddc65e79df5feeaa78;Bathycoccus	99.091	330	3	0	1	330	1	330	1.63e-170	593
M02215:3:000000000-B9JT7:1:1101:26065:102611:N:0:1;size=615;	d92752cfdd8fd1a32b49db69adb3e1e7a3b4e8cc;Cyclotella	99.681	313	1	0	1	313	1	313	2.21e-164	573
M02215:3:000000000-B9JT7:1:1102:5421:103911:N:0:1;size=1347;	b1a34b52e9dbe50cc0e7728a1c7595dcf1351f25;Littorina	100.000	313	0	0	1	313	1	313	4.75e-166	579
M02215:3:000000000-B9JT7:1:1104:24860:101321:N:0:1;size=12;	a64ab751b69ad1c2dc45814951dd0b3fce5c88aa;Micromonas	100.000	313	0	0	1	313	1	313	4.69e-166	579
M02215:3:000000000-B9JT7:1:1102:13429:117821:N:0:1;size=11;	a64ab751b69ad1c2dc45814951dd0b3fce5c88aa;Micromonas	100.000	313	0	0	1	313	1	313	4.75e-166	579
M02215:3:000000000-B9JT7:1:1102:25282:128551:N:0:1;size=164;	d92752cfdd8fd1a32b49db69adb3e1e7a3b4e8cc;Cyclotella	99.681	313	1	0	1	313	1	313	2.18e-164	573
M02215:3:000000000-B9JT7:1:1103:18583:35961:N:0:1;size=272;	b14e192ef4db4138ef5da5fa073aee9196146841;Capitellidae	100.000	313	0	0	1	313	1	313	4.69e-166	579
M02215:3:000000000-B9JT7:1:1103:25101:182561:N:0:1;size=18;	b14e192ef4db4138ef5da5fa073aee9196146841;Capitellidae	100.000	313	0	0	1	313	1	313	4.69e-166	579
M02215:3:000000000-B9JT7:1:1104:24419:225361:N:0:1;size=23;	b264612d43af5a13d95043e41b1ea19da2844fb9;Centropages	100.000	313	0	0	1	313	1	313	4.75e-166	579
M02215:3:000000000-B9JT7:1:1105:10411:176381:N:0:1;size=66;	b264612d43af5a13d95043e41b1ea19da2844fb9;Centropages	100.000	313	0	0	1	313	1	313	4.75e-166	579
M02215:3:000000000-B9JT7:1:1102:13329:288021:N:0:1;size=16;	b1a34b52e9dbe50cc0e7728a1c7595dcf1351f25;Littorina	100.000	313	0	0	1	313	1	313	4.75e-166	579
M02215:3:000000000-B9JT7:1:1102:3442:129291:N:0:1;size=10;	882bcbeccf43f6ad24cd4dddc65e79df5feeaa78;Bathycoccus	98.810	336	4	0	1	336	1	336	3.65e-172	599
M02215:3:000000000-B9JT7:1:1103:18774:280271:N:0:1;size=10;	882bcbeccf43f6ad24cd4dddc65e79df5feeaa78;Bathycoccus	99.091	330	3	0	1	330	1	330	1.70e-170	593
M02215:3:000000000-B9JT7:1:1104:15518:82941:N:0:1;size=65;	b1a34b52e9dbe50cc0e7728a1c7595dcf1351f25;Littorina	100.000	313	0	0	1	313	1	313	4.75e-166	579
M02215:3:000000000-B9JT7:1:1104:3807:108111:N:0:1;size=22;	882bcbeccf43f6ad24cd4dddc65e79df5feeaa78;Bathycoccus	100.000	321	0	0	1	321	1	321	1.58e-170	593
M02215:3:000000000-B9JT7:1:1102:6508:201181:N:0:1;size=9;	d92752cfdd8fd1a32b49db69adb3e1e7a3b4e8cc;Cyclotella	99.681	313	1	0	1	313	1	313	2.21e-164	573
M02215:3:000000000-B9JT7:1:1103:20666:117071:N:0:1;size=11;	882bcbeccf43f6ad24cd4dddc65e79df5feeaa78;Bathycoccus	100.000	315	0	0	1	315	1	315	3.43e-167	582
M02215:3:000000000-B9JT7:1:1103:21772:42641:N:0:1;size=11;	b1a34b52e9dbe50cc0e7728a1c7595dcf1351f25;Littorina	100.000	313	0	0	1	313	1	313	4.75e-166	579
M02215:3:000000000-B9JT7:1:1101:15017:130821:N:0:1;size=77;	882bcbeccf43f6ad24cd4dddc65e79df5feeaa78;Bathycoccus	98.810	336	4	0	1	336	1	336	3.53e-172	599
M02215:3:000000000-B9JT7:1:1101:23822:185701:N:0:1;size=8;	b264612d43af5a13d95043e41b1ea19da2844fb9;Centropages	100.000	313	0	0	1	313	1	313	4.75e-166	579
M02215:3:000000000-B9JT7:1:1101:8465:141981:N:0:1;size=228;	4cd74ea4e95a872c0c86017026f9eef34f332f2a;Semibalanus	99.681	313	1	0	1	313	1	313	2.21e-164	573
M02215:3:000000000-B9JT7:1:1102:6706:203611:N:0:1;size=311;	b14e192ef4db4138ef5da5fa073aee9196146841;Capitellidae	100.000	313	0	0	1	313	1	313	4.75e-166	579
M02215:3:000000000-B9JT7:1:1103:28490:98481:N:0:1;size=16;	882bcbeccf43f6ad24cd4dddc65e79df5feeaa78;Bathycoccus	99.091	330	3	0	1	330	1	330	1.70e-170	593
M02215:3:000000000-B9JT7:1:1104:28538:130621:N:0:1;size=362;	e02f30938c4249055fbb9bb66e41202a1e18fce8;Capitellidae	100.000	312	0	0	1	312	1	312	1.70e-165	577
M02215:3:000000000-B9JT7:1:1105:20902:165911:N:0:1;size=12;	e02f30938c4249055fbb9bb66e41202a1e18fce8;Capitellidae	100.000	312	0	0	1	312	1	312	1.70e-165	577
M02215:3:000000000-B9JT7:1:1107:20967:78201:N:0:1;size=8;	e02f30938c4249055fbb9bb66e41202a1e18fce8;Capitellidae	100.000	312	0	0	1	312	1	312	1.68e-165	577
M02215:3:000000000-B9JT7:1:1108:28249:184461:N:0:1;size=19;	b264612d43af5a13d95043e41b1ea19da2844fb9;Centropages	100.000	313	0	0	1	313	1	313	4.75e-166	579
M02215:3:000000000-B9JT7:1:1101:13661:162151:N:0:1;size=43;	b14e192ef4db4138ef5da5fa073aee9196146841;Capitellidae	100.000	313	0	0	1	313	1	313	4.75e-166	579
M02215:3:000000000-B9JT7:1:1101:14809:233501:N:0:1;size=7;	b264612d43af5a13d95043e41b1ea19da2844fb9;Centropages	100.000	313	0	0	1	313	1	313	4.75e-166	579
M02215:3:000000000-B9JT7:1:1101:20111:20541:N:0:1;size=28;	b14e192ef4db4138ef5da5fa073aee9196146841;Capitellidae	100.000	313	0	0	1	313	1	313	4.75e-166	579
M02215:3:000000000-B9JT7:1:1101:20867:212731:N:0:1;size=7;	882bcbeccf43f6ad24cd4dddc65e79df5feeaa78;Bathycoccus	98.810	336	4	0	1	336	1	336	3.65e-172	599
M02215:3:000000000-B9JT7:1:1101:22515:232221:N:0:1;size=18;	882bcbeccf43f6ad24cd4dddc65e79df5feeaa78;Bathycoccus	98.810	336	4	0	1	336	1	336	3.57e-172	599
M02215:3:000000000-B9JT7:1:1101:3231:101381:N:0:1;size=7;	b1a34b52e9dbe50cc0e7728a1c7595dcf1351f25;Littorina	100.000	313	0	0	1	313	1	313	4.71e-166	579
M02215:3:000000000-B9JT7:1:1101:3989:165361:N:0:1;size=11;	d92752cfdd8fd1a32b49db69adb3e1e7a3b4e8cc;Cyclotella	99.681	313	1	0	1	313	1	313	2.21e-164	573
M02215:3:000000000-B9JT7:1:1101:8942:222341:N:0:1;size=7;	882bcbeccf43f6ad24cd4dddc65e79df5feeaa78;Bathycoccus	98.810	336	4	0	1	336	1	336	3.65e-172	599
M02215:3:000000000-B9JT7:1:1102:17635:71361:N:0:1;size=7;	b264612d43af5a13d95043e41b1ea19da2844fb9;Centropages	100.000	313	0	0	1	313	1	313	4.75e-166	579
M02215:3:000000000-B9JT7:1:1102:25493:180911:N:0:1;size=7;	b264612d43af5a13d95043e41b1ea19da2844fb9;Centropages	100.000	313	0	0	1	313	1	313	4.75e-166	579
M02215:3:000000000-B9JT7:1:1102:29359:156161:N:0:1;size=7;	b1a34b52e9dbe50cc0e7728a1c7595dcf1351f25;Littorina	100.000	313	0	0	1	313	1	313	4.75e-166	579
M02215:3:000000000-B9JT7:1:1103:29640:158471:N:0:1;size=78;	4cd74ea4e95a872c0c86017026f9eef34f332f2a;Semibalanus	99.681	313	1	0	1	313	1	313	2.19e-164	573
M02215:3:000000000-B9JT7:1:1103:6493:151501:N:0:1;size=23;	e02f30938c4249055fbb9bb66e41202a1e18fce8;Capitellidae	100.000	312	0	0	1	312	1	312	1.70e-165	577
M02215:3:000000000-B9JT7:1:1103:8027:114121:N:0:1;size=7;	b1a34b52e9dbe50cc0e7728a1c7595dcf1351f25;Littorina	100.000	313	0	0	1	313	1	313	4.75e-166	579
M02215:3:000000000-B9JT7:1:1104:2053:132501:N:0:1;size=7;	882bcbeccf43f6ad24cd4dddc65e79df5feeaa78;Bathycoccus	98.512	336	5	0	1	336	1	336	1.70e-170	593
M02215:3:000000000-B9JT7:1:1101:12924:24251:N:0:1;size=11;	a64ab751b69ad1c2dc45814951dd0b3fce5c88aa;Micromonas	100.000	313	0	0	1	313	1	313	4.75e-166	579
M02215:3:000000000-B9JT7:1:1101:13417:77371:N:0:1;size=6;	882bcbeccf43f6ad24cd4dddc65e79df5feeaa78;Bathycoccus	98.512	336	5	0	1	336	1	336	1.65e-170	593
M02215:3:000000000-B9JT7:1:1101:25435:117901:N:0:1;size=42;	882bcbeccf43f6ad24cd4dddc65e79df5feeaa78;Bathycoccus	99.088	329	3	0	1	329	1	329	5.75e-170	592
M02215:3:000000000-B9JT7:1:1101:7769:118921:N:0:1;size=6;	b1a34b52e9dbe50cc0e7728a1c7595dcf1351f25;Littorina	100.000	313	0	0	1	313	1	313	4.75e-166	579
M02215:3:000000000-B9JT7:1:1102:17270:40601:N:0:1;size=6;	a64ab751b69ad1c2dc45814951dd0b3fce5c88aa;Micromonas	100.000	313	0	0	1	313	1	313	4.75e-166	579
M02215:3:000000000-B9JT7:1:1102:21004:67421:N:0:1;size=6;	b1a34b52e9dbe50cc0e7728a1c7595dcf1351f25;Littorina	100.000	313	0	0	1	313	1	313	4.75e-166	579
M02215:3:000000000-B9JT7:1:1103:13949:148121:N:0:1;size=16;	74bd536a982117e99a75e40240e0e3b1b1f81a5c;Triparma	100.000	313	0	0	1	313	1	313	4.69e-166	579
M02215:3:000000000-B9JT7:1:1104:11466:284481:N:0:1;size=22;	a64ab751b69ad1c2dc45814951dd0b3fce5c88aa;Micromonas	100.000	313	0	0	1	313	1	313	4.75e-166	579
M02215:3:000000000-B9JT7:1:1104:12114:138121:N:0:1;size=6;	882bcbeccf43f6ad24cd4dddc65e79df5feeaa78;Bathycoccus	98.788	330	4	0	1	330	1	330	7.63e-169	588
M02215:3:000000000-B9JT7:1:1104:15805:104031:N:0:1;size=6;	b1a34b52e9dbe50cc0e7728a1c7595dcf1351f25;Littorina	100.000	313	0	0	1	313	1	313	4.75e-166	579
M02215:3:000000000-B9JT7:1:1104:21914:214001:N:0:1;size=6;	882bcbeccf43f6ad24cd4dddc65e79df5feeaa78;Bathycoccus	98.512	336	5	0	1	336	1	336	1.67e-170	593
M02215:3:000000000-B9JT7:1:1105:19132:75111:N:0:1;size=6;	882bcbeccf43f6ad24cd4dddc65e79df5feeaa78;Bathycoccus	99.394	330	2	0	1	330	1	330	3.65e-172	599
M02215:3:000000000-B9JT7:1:1107:13364:33661:N:0:1;size=22;	b264612d43af5a13d95043e41b1ea19da2844fb9;Centropages	100.000	313	0	0	1	313	1	313	4.56e-166	579
M02215:3:000000000-B9JT7:1:1107:5767:93931:N:0:1;size=37;	4cd74ea4e95a872c0c86017026f9eef34f332f2a;Semibalanus	99.681	313	1	0	1	313	1	313	2.18e-164	573
M02215:3:000000000-B9JT7:1:1107:8159:248141:N:0:1;size=10;	b1a34b52e9dbe50cc0e7728a1c7595dcf1351f25;Littorina	100.000	313	0	0	1	313	1	313	4.75e-166	579
M02215:3:000000000-B9JT7:1:1108:10144:55601:N:0:1;size=6;	a64ab751b69ad1c2dc45814951dd0b3fce5c88aa;Micromonas	100.000	313	0	0	1	313	1	313	4.75e-166	579
M02215:3:000000000-B9JT7:1:1108:20757:218341:N:0:1;size=6;	d92752cfdd8fd1a32b49db69adb3e1e7a3b4e8cc;Cyclotella	99.681	313	1	0	1	313	1	313	2.21e-164	573
M02215:3:000000000-B9JT7:1:1110:11321:125931:N:0:1;size=6;	882bcbeccf43f6ad24cd4dddc65e79df5feeaa78;Bathycoccus	99.096	332	2	1	1	332	1	331	4.72e-171	595
M02215:3:000000000-B9JT7:1:1111:10350:128501:N:0:1;size=6;	a64ab751b69ad1c2dc45814951dd0b3fce5c88aa;Micromonas	100.000	313	0	0	1	313	1	313	4.75e-166	579
M02215:3:000000000-B9JT7:1:1101:10033:99741:N:0:1;size=5;	a64ab751b69ad1c2dc45814951dd0b3fce5c88aa;Micromonas	100.000	313	0	0	1	313	1	313	4.75e-166	579
M02215:3:000000000-B9JT7:1:1101:11849:81381:N:0:1;size=11;	b264612d43af5a13d95043e41b1ea19da2844fb9;Centropages	100.000	313	0	0	1	313	1	313	4.75e-166	579
M02215:3:000000000-B9JT7:1:1101:14360:66871:N:0:1;size=5;	d92752cfdd8fd1a32b49db69adb3e1e7a3b4e8cc;Cyclotella	99.681	313	1	0	1	313	1	313	2.21e-164	573
M02215:3:000000000-B9JT7:1:1101:15574:181761:N:0:1;size=5;	b264612d43af5a13d95043e41b1ea19da2844fb9;Centropages	100.000	313	0	0	1	313	1	313	4.75e-166	579
M02215:3:000000000-B9JT7:1:1101:16705:277641:N:0:1;size=5;	b264612d43af5a13d95043e41b1ea19da2844fb9;Centropages	100.000	313	0	0	1	313	1	313	4.75e-166	579
M02215:3:000000000-B9JT7:1:1101:20768:107251:N:0:1;size=5;	b1a34b52e9dbe50cc0e7728a1c7595dcf1351f25;Littorina	100.000	313	0	0	1	313	1	313	4.75e-166	579
M02215:3:000000000-B9JT7:1:1101:21793:223651:N:0:1;size=5;	882bcbeccf43f6ad24cd4dddc65e79df5feeaa78;Bathycoccus	99.405	336	2	0	1	336	1	336	1.69e-175	610
M02215:3:000000000-B9JT7:1:1101:7819:58591:N:0:1;size=5;	a64ab751b69ad1c2dc45814951dd0b3fce5c88aa;Micromonas	100.000	313	0	0	1	313	1	313	4.75e-166	579
M02215:3:000000000-B9JT7:1:1102:12951:156111:N:0:1;size=5;	b14e192ef4db4138ef5da5fa073aee9196146841;Capitellidae	100.000	313	0	0	1	313	1	313	4.75e-166	579
M02215:3:000000000-B9JT7:1:1102:16090:167691:N:0:1;size=20;	b1a34b52e9dbe50cc0e7728a1c7595dcf1351f25;Littorina	100.000	313	0	0	1	313	1	313	4.59e-166	579
M02215:3:000000000-B9JT7:1:1102:21504:270991:N:0:1;size=9;	4cd74ea4e95a872c0c86017026f9eef34f332f2a;Semibalanus	99.681	313	1	0	1	313	1	313	2.21e-164	573
M02215:3:000000000-B9JT7:1:1103:21337:88051:N:0:1;size=5;	b264612d43af5a13d95043e41b1ea19da2844fb9;Centropages	100.000	313	0	0	1	313	1	313	4.75e-166	579
M02215:3:000000000-B9JT7:1:1103:24085:167451:N:0:1;size=5;	b264612d43af5a13d95043e41b1ea19da2844fb9;Centropages	100.000	313	0	0	1	313	1	313	4.75e-166	579
M02215:3:000000000-B9JT7:1:1104:11941:151971:N:0:1;size=5;	b264612d43af5a13d95043e41b1ea19da2844fb9;Centropages	100.000	313	0	0	1	313	1	313	4.75e-166	579
M02215:3:000000000-B9JT7:1:1104:13034:156961:N:0:1;size=5;	e02f30938c4249055fbb9bb66e41202a1e18fce8;Capitellidae	100.000	312	0	0	1	312	1	312	1.65e-165	577
M02215:3:000000000-B9JT7:1:1104:16480:237701:N:0:1;size=5;	b14e192ef4db4138ef5da5fa073aee9196146841;Capitellidae	100.000	313	0	0	1	313	1	313	4.75e-166	579
M02215:3:000000000-B9JT7:1:1104:18917:112821:N:0:1;size=5;	a64ab751b69ad1c2dc45814951dd0b3fce5c88aa;Micromonas	100.000	313	0	0	1	313	1	313	4.75e-166	579
M02215:3:000000000-B9JT7:1:1105:6508:244341:N:0:1;size=8;	b1a34b52e9dbe50cc0e7728a1c7595dcf1351f25;Littorina	100.000	313	0	0	1	313	1	313	4.75e-166	579
M02215:3:000000000-B9JT7:1:1106:11806:247151:N:0:1;size=14;	e02f30938c4249055fbb9bb66e41202a1e18fce8;Capitellidae	100.000	312	0	0	1	312	1	312	1.70e-165	577
M02215:3:000000000-B9JT7:1:1106:11906:268821:N:0:1;size=5;	a64ab751b69ad1c2dc45814951dd0b3fce5c88aa;Micromonas	100.000	313	0	0	1	313	1	313	4.75e-166	579
M02215:3:000000000-B9JT7:1:1106:12015:272241:N:0:1;size=20;	b264612d43af5a13d95043e41b1ea19da2844fb9;Centropages	100.000	313	0	0	1	313	1	313	4.59e-166	579
M02215:3:000000000-B9JT7:1:1106:16237:184301:N:0:1;size=5;	a64ab751b69ad1c2dc45814951dd0b3fce5c88aa;Micromonas	100.000	313	0	0	1	313	1	313	4.75e-166	579
M02215:3:000000000-B9JT7:1:1106:20689:72831:N:0:1;size=7;	b1a34b52e9dbe50cc0e7728a1c7595dcf1351f25;Littorina	100.000	313	0	0	1	313	1	313	4.43e-166	579
M02215:3:000000000-B9JT7:1:1106:9674:175891:N:0:1;size=5;	882bcbeccf43f6ad24cd4dddc65e79df5feeaa78;Bathycoccus	98.810	336	4	0	1	336	1	336	3.65e-172	599
M02215:3:000000000-B9JT7:1:1107:5189:174411:N:0:1;size=5;	b264612d43af5a13d95043e41b1ea19da2844fb9;Centropages	100.000	313	0	0	1	313	1	313	4.75e-166	579
M02215:3:000000000-B9JT7:1:1108:13369:22061:N:0:1;size=21;	d92752cfdd8fd1a32b49db69adb3e1e7a3b4e8cc;Cyclotella	99.681	313	1	0	1	313	1	313	2.21e-164	573
M02215:3:000000000-B9JT7:1:1109:15656:119101:N:0:1;size=19;	74bd536a982117e99a75e40240e0e3b1b1f81a5c;Triparma	100.000	313	0	0	1	313	1	313	4.69e-166	579
M02215:3:000000000-B9JT7:1:1109:18635:48161:N:0:1;size=5;	882bcbeccf43f6ad24cd4dddc65e79df5feeaa78;Bathycoccus	98.214	336	6	0	1	336	1	336	7.90e-169	588
M02215:3:000000000-B9JT7:1:1109:22420:267761:N:0:1;size=11;	a64ab751b69ad1c2dc45814951dd0b3fce5c88aa;Micromonas	100.000	313	0	0	1	313	1	313	4.75e-166	579
M02215:3:000000000-B9JT7:1:1110:5714:185671:N:0:1;size=5;	882bcbeccf43f6ad24cd4dddc65e79df5feeaa78;Bathycoccus	98.810	336	4	0	1	336	1	336	3.65e-172	599
M02215:3:000000000-B9JT7:1:1111:9356:135841:N:0:1;size=5;	b264612d43af5a13d95043e41b1ea19da2844fb9;Centropages	100.000	313	0	0	1	313	1	313	4.75e-166	579
M02215:3:000000000-B9JT7:1:1101:10716:71371:N:0:1;size=4;	b264612d43af5a13d95043e41b1ea19da2844fb9;Centropages	100.000	313	0	0	1	313	1	313	4.75e-166	579
M02215:3:000000000-B9JT7:1:1101:10720:46561:N:0:1;size=4;	e02f30938c4249055fbb9bb66e41202a1e18fce8;Capitellidae	100.000	312	0	0	1	312	1	312	1.70e-165	577
M02215:3:000000000-B9JT7:1:1101:12920:172501:N:0:1;size=8;	d92752cfdd8fd1a32b49db69adb3e1e7a3b4e8cc;Cyclotella	99.681	313	1	0	1	313	1	313	2.21e-164	573
M02215:3:000000000-B9JT7:1:1101:13618:173731:N:0:1;size=7;	b1a34b52e9dbe50cc0e7728a1c7595dcf1351f25;Littorina	100.000	313	0	0	1	313	1	313	4.75e-166	579
M02215:3:000000000-B9JT7:1:1101:14504:24471:N:0:1;size=15;	e02f30938c4249055fbb9bb66e41202a1e18fce8;Capitellidae	100.000	312	0	0	1	312	1	312	1.70e-165	577
M02215:3:000000000-B9JT7:1:1101:15088:238651:N:0:1;size=6;	882bcbeccf43f6ad24cd4dddc65e79df5feeaa78;Bathycoccus	99.107	336	3	0	1	336	1	336	7.58e-174	604
M02215:3:000000000-B9JT7:1:1101:20177:61221:N:0:1;size=4;	d92752cfdd8fd1a32b49db69adb3e1e7a3b4e8cc;Cyclotella	99.681	313	1	0	1	313	1	313	2.21e-164	573
M02215:3:000000000-B9JT7:1:1101:25551:237101:N:0:1;size=8;	74bd536a982117e99a75e40240e0e3b1b1f81a5c;Triparma	100.000	313	0	0	1	313	1	313	4.69e-166	579
M02215:3:000000000-B9JT7:1:1101:26004:234851:N:0:1;size=4;	b1a34b52e9dbe50cc0e7728a1c7595dcf1351f25;Littorina	100.000	313	0	0	1	313	1	313	4.75e-166	579
M02215:3:000000000-B9JT7:1:1101:26271:137791:N:0:1;size=4;	d92752cfdd8fd1a32b49db69adb3e1e7a3b4e8cc;Cyclotella	99.681	313	1	0	1	313	1	313	2.21e-164	573
M02215:3:000000000-B9JT7:1:1101:6423:155181:N:0:1;size=6;	d92752cfdd8fd1a32b49db69adb3e1e7a3b4e8cc;Cyclotella	99.681	313	1	0	1	313	1	313	2.18e-164	573
M02215:3:000000000-B9JT7:1:1101:9860:91471:N:0:1;size=4;	b1a34b52e9dbe50cc0e7728a1c7595dcf1351f25;Littorina	100.000	313	0	0	1	313	1	313	4.75e-166	579
M02215:3:000000000-B9JT7:1:1102:10936:73111:N:0:1;size=4;	d92752cfdd8fd1a32b49db69adb3e1e7a3b4e8cc;Cyclotella	99.681	313	1	0	1	313	1	313	2.21e-164	573
M02215:3:000000000-B9JT7:1:1102:12864:138911:N:0:1;size=4;	d92752cfdd8fd1a32b49db69adb3e1e7a3b4e8cc;Cyclotella	99.681	313	1	0	1	313	1	313	2.21e-164	573
M02215:3:000000000-B9JT7:1:1102:13433:54761:N:0:1;size=4;	a64ab751b69ad1c2dc45814951dd0b3fce5c88aa;Micromonas	100.000	313	0	0	1	313	1	313	4.75e-166	579
M02215:3:000000000-B9JT7:1:1102:13689:30851:N:0:1;size=4;	b14e192ef4db4138ef5da5fa073aee9196146841;Capitellidae	100.000	313	0	0	1	313	1	313	4.75e-166	579
M02215:3:000000000-B9JT7:1:1102:13881:235961:N:0:1;size=6;	4cd74ea4e95a872c0c86017026f9eef34f332f2a;Semibalanus	99.681	313	1	0	1	313	1	313	2.21e-164	573
M02215:3:000000000-B9JT7:1:1102:23889:232151:N:0:1;size=4;	b14e192ef4db4138ef5da5fa073aee9196146841;Capitellidae	100.000	313	0	0	1	313	1	313	4.75e-166	579
M02215:3:000000000-B9JT7:1:1102:24259:228081:N:0:1;size=20;	b1a34b52e9dbe50cc0e7728a1c7595dcf1351f25;Littorina	100.000	313	0	0	1	313	1	313	4.62e-166	579
M02215:3:000000000-B9JT7:1:1102:24854:178631:N:0:1;size=4;	b1a34b52e9dbe50cc0e7728a1c7595dcf1351f25;Littorina	100.000	313	0	0	1	313	1	313	4.59e-166	579
M02215:3:000000000-B9JT7:1:1102:29512:130571:N:0:1;size=25;	882bcbeccf43f6ad24cd4dddc65e79df5feeaa78;Bathycoccus	98.788	330	4	0	1	330	1	330	7.51e-169	588
M02215:3:000000000-B9JT7:1:1102:3495:176471:N:0:1;size=7;	a64ab751b69ad1c2dc45814951dd0b3fce5c88aa;Micromonas	100.000	313	0	0	1	313	1	313	4.75e-166	579
M02215:3:000000000-B9JT7:1:1102:5280:151421:N:0:1;size=8;	d92752cfdd8fd1a32b49db69adb3e1e7a3b4e8cc;Cyclotella	99.681	313	1	0	1	313	1	313	2.21e-164	573
M02215:3:000000000-B9JT7:1:1102:8437:78191:N:0:1;size=4;	e02f30938c4249055fbb9bb66e41202a1e18fce8;Capitellidae	100.000	312	0	0	1	312	1	312	1.70e-165	577
M02215:3:000000000-B9JT7:1:1103:11310:224761:N:0:1;size=8;	a64ab751b69ad1c2dc45814951dd0b3fce5c88aa;Micromonas	100.000	313	0	0	1	313	1	313	4.75e-166	579
M02215:3:000000000-B9JT7:1:1103:11490:29961:N:0:1;size=4;	882bcbeccf43f6ad24cd4dddc65e79df5feeaa78;Bathycoccus	98.810	336	4	0	1	336	1	336	3.65e-172	599
M02215:3:000000000-B9JT7:1:1103:12621:77021:N:0:1;size=7;	b264612d43af5a13d95043e41b1ea19da2844fb9;Centropages	100.000	313	0	0	1	313	1	313	4.75e-166	579
M02215:3:000000000-B9JT7:1:1103:24051:235571:N:0:1;size=4;	882bcbeccf43f6ad24cd4dddc65e79df5feeaa78;Bathycoccus	99.394	330	2	0	1	330	1	330	3.53e-172	599
M02215:3:000000000-B9JT7:1:1103:9580:75931:N:0:1;size=12;	a64ab751b69ad1c2dc45814951dd0b3fce5c88aa;Micromonas	100.000	313	0	0	1	313	1	313	4.75e-166	579
M02215:3:000000000-B9JT7:1:1104:10519:33911:N:0:1;size=27;	b1a34b52e9dbe50cc0e7728a1c7595dcf1351f25;Littorina	100.000	313	0	0	1	313	1	313	4.55e-166	579
M02215:3:000000000-B9JT7:1:1104:16942:35031:N:0:1;size=10;	d92752cfdd8fd1a32b49db69adb3e1e7a3b4e8cc;Cyclotella	99.681	313	1	0	1	313	1	313	2.12e-164	573
M02215:3:000000000-B9JT7:1:1104:17360:39711:N:0:1;size=6;	b1a34b52e9dbe50cc0e7728a1c7595dcf1351f25;Littorina	100.000	313	0	0	1	313	1	313	4.48e-166	579
M02215:3:000000000-B9JT7:1:1104:18011:289271:N:0:1;size=4;	b14e192ef4db4138ef5da5fa073aee9196146841;Capitellidae	100.000	313	0	0	1	313	1	313	4.75e-166	579
M02215:3:000000000-B9JT7:1:1104:25232:130981:N:0:1;size=4;	b1a34b52e9dbe50cc0e7728a1c7595dcf1351f25;Littorina	100.000	313	0	0	1	313	1	313	4.56e-166	579
M02215:3:000000000-B9JT7:1:1104:26560:192861:N:0:1;size=4;	882bcbeccf43f6ad24cd4dddc65e79df5feeaa78;Bathycoccus	98.788	330	4	0	1	330	1	330	7.82e-169	588
M02215:3:000000000-B9JT7:1:1105:11989:125781:N:0:1;size=4;	e02f30938c4249055fbb9bb66e41202a1e18fce8;Capitellidae	100.000	312	0	0	1	312	1	312	1.70e-165	577
M02215:3:000000000-B9JT7:1:1105:14263:285801:N:0:1;size=4;	d92752cfdd8fd1a32b49db69adb3e1e7a3b4e8cc;Cyclotella	99.681	313	1	0	1	313	1	313	2.19e-164	573
M02215:3:000000000-B9JT7:1:1105:14587:85751:N:0:1;size=6;	a64ab751b69ad1c2dc45814951dd0b3fce5c88aa;Micromonas	100.000	313	0	0	1	313	1	313	4.75e-166	579
M02215:3:000000000-B9JT7:1:1105:18715:276871:N:0:1;size=4;	b1a34b52e9dbe50cc0e7728a1c7595dcf1351f25;Littorina	100.000	313	0	0	1	313	1	313	4.75e-166	579
M02215:3:000000000-B9JT7:1:1105:22431:169641:N:0:1;size=4;	b14e192ef4db4138ef5da5fa073aee9196146841;Capitellidae	100.000	313	0	0	1	313	1	313	4.75e-166	579
M02215:3:000000000-B9JT7:1:1105:23427:40381:N:0:1;size=4;	b1a34b52e9dbe50cc0e7728a1c7595dcf1351f25;Littorina	100.000	313	0	0	1	313	1	313	4.75e-166	579
M02215:3:000000000-B9JT7:1:1105:24090:222131:N:0:1;size=4;	b14e192ef4db4138ef5da5fa073aee9196146841;Capitellidae	100.000	313	0	0	1	313	1	313	4.75e-166	579
M02215:3:000000000-B9JT7:1:1105:26264:61821:N:0:1;size=4;	e02f30938c4249055fbb9bb66e41202a1e18fce8;Capitellidae	100.000	312	0	0	1	312	1	312	1.70e-165	577
M02215:3:000000000-B9JT7:1:1105:27463:82131:N:0:1;size=4;	a64ab751b69ad1c2dc45814951dd0b3fce5c88aa;Micromonas	100.000	313	0	0	1	313	1	313	4.75e-166	579
M02215:3:000000000-B9JT7:1:1105:28314:122931:N:0:1;size=12;	a64ab751b69ad1c2dc45814951dd0b3fce5c88aa;Micromonas	100.000	313	0	0	1	313	1	313	4.59e-166	579
M02215:3:000000000-B9JT7:1:1106:20118:33431:N:0:1;size=10;	e02f30938c4249055fbb9bb66e41202a1e18fce8;Capitellidae	100.000	312	0	0	1	312	1	312	1.70e-165	577
M02215:3:000000000-B9JT7:1:1106:20897:163411:N:0:1;size=4;	b1a34b52e9dbe50cc0e7728a1c7595dcf1351f25;Littorina	100.000	313	0	0	1	313	1	313	4.75e-166	579
M02215:3:000000000-B9JT7:1:1106:8453:242721:N:0:1;size=4;	b14e192ef4db4138ef5da5fa073aee9196146841;Capitellidae	100.000	313	0	0	1	313	1	313	4.75e-166	579
M02215:3:000000000-B9JT7:1:1107:10377:216331:N:0:1;size=4;	882bcbeccf43f6ad24cd4dddc65e79df5feeaa78;Bathycoccus	98.494	332	4	1	1	332	1	331	1.02e-167	584
M02215:3:000000000-B9JT7:1:1107:10854:56091:N:0:1;size=4;	a64ab751b69ad1c2dc45814951dd0b3fce5c88aa;Micromonas	100.000	313	0	0	1	313	1	313	4.75e-166	579
M02215:3:000000000-B9JT7:1:1107:19656:285691:N:0:1;size=4;	b14e192ef4db4138ef5da5fa073aee9196146841;Capitellidae	100.000	313	0	0	1	313	1	313	4.75e-166	579
M02215:3:000000000-B9JT7:1:1107:22531:206701:N:0:1;size=4;	e02f30938c4249055fbb9bb66e41202a1e18fce8;Capitellidae	100.000	312	0	0	1	312	1	312	1.70e-165	577
M02215:3:000000000-B9JT7:1:1107:24670:236901:N:0:1;size=4;	74bd536a982117e99a75e40240e0e3b1b1f81a5c;Triparma	100.000	313	0	0	1	313	1	313	4.71e-166	579
M02215:3:000000000-B9JT7:1:1107:6219:193561:N:0:1;size=22;	74bd536a982117e99a75e40240e0e3b1b1f81a5c;Triparma	100.000	313	0	0	1	313	1	313	4.75e-166	579
M02215:3:000000000-B9JT7:1:1107:9046:84081:N:0:1;size=4;	882bcbeccf43f6ad24cd4dddc65e79df5feeaa78;Bathycoccus	99.405	336	2	0	1	336	1	336	1.69e-175	610
M02215:3:000000000-B9JT7:1:1108:15655:133371:N:0:1;size=4;	882bcbeccf43f6ad24cd4dddc65e79df5feeaa78;Bathycoccus	99.697	330	1	0	1	330	1	330	7.84e-174	604
M02215:3:000000000-B9JT7:1:1108:21736:63491:N:0:1;size=4;	a64ab751b69ad1c2dc45814951dd0b3fce5c88aa;Micromonas	100.000	313	0	0	1	313	1	313	4.75e-166	579
M02215:3:000000000-B9JT7:1:1109:15942:255551:N:0:1;size=4;	d92752cfdd8fd1a32b49db69adb3e1e7a3b4e8cc;Cyclotella	99.681	313	1	0	1	313	1	313	2.21e-164	573
M02215:3:000000000-B9JT7:1:1109:25027:168401:N:0:1;size=4;	b14e192ef4db4138ef5da5fa073aee9196146841;Capitellidae	100.000	313	0	0	1	313	1	313	4.75e-166	579
M02215:3:000000000-B9JT7:1:1109:28269:142771:N:0:1;size=6;	4cd74ea4e95a872c0c86017026f9eef34f332f2a;Semibalanus	99.681	313	1	0	1	313	1	313	2.21e-164	573
M02215:3:000000000-B9JT7:1:1110:11713:106301:N:0:1;size=4;	a64ab751b69ad1c2dc45814951dd0b3fce5c88aa;Micromonas	100.000	313	0	0	1	313	1	313	4.75e-166	579
M02215:3:000000000-B9JT7:1:1110:18382:113021:N:0:1;size=4;	b1a34b52e9dbe50cc0e7728a1c7595dcf1351f25;Littorina	100.000	313	0	0	1	313	1	313	4.75e-166	579
M02215:3:000000000-B9JT7:1:1110:20582:111081:N:0:1;size=4;	a64ab751b69ad1c2dc45814951dd0b3fce5c88aa;Micromonas	100.000	313	0	0	1	313	1	313	4.75e-166	579
M02215:3:000000000-B9JT7:1:1110:27808:185121:N:0:1;size=7;	b264612d43af5a13d95043e41b1ea19da2844fb9;Centropages	100.000	313	0	0	1	313	1	313	4.75e-166	579
M02215:3:000000000-B9JT7:1:1111:17159:269081:N:0:1;size=10;	4cd74ea4e95a872c0c86017026f9eef34f332f2a;Semibalanus	99.681	313	1	0	1	313	1	313	2.21e-164	573
M02215:3:000000000-B9JT7:1:1111:18781:239061:N:0:1;size=9;	b264612d43af5a13d95043e41b1ea19da2844fb9;Centropages	100.000	313	0	0	1	313	1	313	4.59e-166	579
M02215:3:000000000-B9JT7:1:1113:23458:138191:N:0:1;size=4;	b14e192ef4db4138ef5da5fa073aee9196146841;Capitellidae	100.000	313	0	0	1	313	1	313	4.75e-166	579
M02215:3:000000000-B9JT7:1:1113:23804:51221:N:0:1;size=4;	ecbcc3bd709776326a720729ad74c020c160aa3a;Chlorella	100.000	313	0	0	1	313	1	313	4.71e-166	579
M02215:3:000000000-B9JT7:1:1113:9208:94141:N:0:1;size=10;	b1a34b52e9dbe50cc0e7728a1c7595dcf1351f25;Littorina	100.000	313	0	0	1	313	1	313	4.67e-166	579
M02215:3:000000000-B9JT7:1:1114:20205:137601:N:0:1;size=4;	882bcbeccf43f6ad24cd4dddc65e79df5feeaa78;Bathycoccus	99.405	336	2	0	1	336	1	336	1.69e-175	610
M02215:3:000000000-B9JT7:1:1114:21566:197681:N:0:1;size=4;	882bcbeccf43f6ad24cd4dddc65e79df5feeaa78;Bathycoccus	98.795	332	3	1	1	332	1	331	2.20e-169	590
M02215:3:000000000-B9JT7:1:2101:16858:141561:N:0:1;size=4;	b1a34b52e9dbe50cc0e7728a1c7595dcf1351f25;Littorina	100.000	313	0	0	1	313	1	313	4.75e-166	579
M02215:3:000000000-B9JT7:1:2101:18219:162461:N:0:1;size=4;	a64ab751b69ad1c2dc45814951dd0b3fce5c88aa;Micromonas	100.000	313	0	0	1	313	1	313	4.75e-166	579
M02215:3:000000000-B9JT7:1:2101:6254:54521:N:0:1;size=4;	b264612d43af5a13d95043e41b1ea19da2844fb9;Centropages	100.000	313	0	0	1	313	1	313	4.75e-166	579
M02215:3:000000000-B9JT7:1:2101:8343:69011:N:0:1;size=6;	d92752cfdd8fd1a32b49db69adb3e1e7a3b4e8cc;Cyclotella	99.681	313	1	0	1	313	1	313	2.21e-164	573
M02215:3:000000000-B9JT7:1:2104:5758:116751:N:0:1;size=4;	b14e192ef4db4138ef5da5fa073aee9196146841;Capitellidae	99.681	313	1	0	1	313	1	313	2.19e-164	573
M02215:3:000000000-B9JT7:1:2105:6699:171151:N:0:1;size=4;	e02f30938c4249055fbb9bb66e41202a1e18fce8;Capitellidae	100.000	312	0	0	1	312	1	312	1.70e-165	577
M02215:3:000000000-B9JT7:1:1101:13929:51441:N:0:1;size=3;	d92752cfdd8fd1a32b49db69adb3e1e7a3b4e8cc;Cyclotella	99.681	313	1	0	1	313	1	313	2.21e-164	573
M02215:3:000000000-B9JT7:1:1101:19739:222521:N:0:1;size=3;	882bcbeccf43f6ad24cd4dddc65e79df5feeaa78;Bathycoccus	99.398	332	1	1	1	332	1	331	1.01e-172	601
M02215:3:000000000-B9JT7:1:1101:1989:138171:N:0:1;size=5;	b264612d43af5a13d95043e41b1ea19da2844fb9;Centropages	100.000	313	0	0	1	313	1	313	4.75e-166	579
M02215:3:000000000-B9JT7:1:1101:21709:65741:N:0:1;size=3;	b14e192ef4db4138ef5da5fa073aee9196146841;Capitellidae	100.000	313	0	0	1	313	1	313	4.56e-166	579
M02215:3:000000000-B9JT7:1:1101:6023:148451:N:0:1;size=3;	a64ab751b69ad1c2dc45814951dd0b3fce5c88aa;Micromonas	100.000	313	0	0	1	313	1	313	4.75e-166	579
M02215:3:000000000-B9JT7:1:1101:9590:151471:N:0:1;size=3;	74bd536a982117e99a75e40240e0e3b1b1f81a5c;Triparma	100.000	313	0	0	1	313	1	313	4.69e-166	579
M02215:3:000000000-B9JT7:1:1101:9808:81101:N:0:1;size=3;	4cd74ea4e95a872c0c86017026f9eef34f332f2a;Semibalanus	99.681	313	1	0	1	313	1	313	2.21e-164	573
M02215:3:000000000-B9JT7:1:1102:12697:134601:N:0:1;size=12;	4cd74ea4e95a872c0c86017026f9eef34f332f2a;Semibalanus	99.681	313	1	0	1	313	1	313	2.12e-164	573
M02215:3:000000000-B9JT7:1:1102:14759:248461:N:0:1;size=3;	b264612d43af5a13d95043e41b1ea19da2844fb9;Centropages	100.000	313	0	0	1	313	1	313	4.67e-166	579
M02215:3:000000000-B9JT7:1:1102:18021:80821:N:0:1;size=21;	74bd536a982117e99a75e40240e0e3b1b1f81a5c;Triparma	100.000	313	0	0	1	313	1	313	4.75e-166	579
M02215:3:000000000-B9JT7:1:1102:18725:167611:N:0:1;size=3;	b14e192ef4db4138ef5da5fa073aee9196146841;Capitellidae	100.000	313	0	0	1	313	1	313	4.75e-166	579
M02215:3:000000000-B9JT7:1:1102:19982:23651:N:0:1;size=8;	74bd536a982117e99a75e40240e0e3b1b1f81a5c;Triparma	100.000	313	0	0	1	313	1	313	4.75e-166	579
M02215:3:000000000-B9JT7:1:1102:21026:267181:N:0:1;size=5;	a64ab751b69ad1c2dc45814951dd0b3fce5c88aa;Micromonas	100.000	313	0	0	1	313	1	313	4.75e-166	579
M02215:3:000000000-B9JT7:1:1102:27834:127481:N:0:1;size=3;	b1a34b52e9dbe50cc0e7728a1c7595dcf1351f25;Littorina	100.000	313	0	0	1	313	1	313	4.75e-166	579
M02215:3:000000000-B9JT7:1:1102:3441:104961:N:0:1;size=3;	882bcbeccf43f6ad24cd4dddc65e79df5feeaa78;Bathycoccus	98.810	336	4	0	1	336	1	336	3.65e-172	599
M02215:3:000000000-B9JT7:1:1102:9606:50211:N:0:1;size=8;	b14e192ef4db4138ef5da5fa073aee9196146841;Capitellidae	100.000	313	0	0	1	313	1	313	4.48e-166	579
M02215:3:000000000-B9JT7:1:1102:9697:171111:N:0:1;size=3;	d92752cfdd8fd1a32b49db69adb3e1e7a3b4e8cc;Cyclotella	99.681	313	1	0	1	313	1	313	2.21e-164	573
M02215:3:000000000-B9JT7:1:1103:10795:223041:N:0:1;size=3;	d92752cfdd8fd1a32b49db69adb3e1e7a3b4e8cc;Cyclotella	99.681	313	1	0	1	313	1	313	2.21e-164	573
M02215:3:000000000-B9JT7:1:1103:11109:156771:N:0:1;size=3;	b264612d43af5a13d95043e41b1ea19da2844fb9;Centropages	100.000	313	0	0	1	313	1	313	4.75e-166	579
M02215:3:000000000-B9JT7:1:1103:11760:60551:N:0:1;size=3;	882bcbeccf43f6ad24cd4dddc65e79df5feeaa78;Bathycoccus	99.096	332	2	1	1	332	1	331	4.72e-171	595
M02215:3:000000000-B9JT7:1:1103:12505:29861:N:0:1;size=3;	d92752cfdd8fd1a32b49db69adb3e1e7a3b4e8cc;Cyclotella	99.681	313	1	0	1	313	1	313	2.21e-164	573
M02215:3:000000000-B9JT7:1:1103:17432:165601:N:0:1;size=3;	a64ab751b69ad1c2dc45814951dd0b3fce5c88aa;Micromonas	100.000	312	0	0	2	313	2	313	1.71e-165	577
M02215:3:000000000-B9JT7:1:1103:17609:203571:N:0:1;size=3;	32162e451e12cdf5cf3628007e99b0efa1ba946b;Phaeocystis	100.000	313	0	0	1	313	1	313	4.75e-166	579
M02215:3:000000000-B9JT7:1:1103:18013:112541:N:0:1;size=3;	4cd74ea4e95a872c0c86017026f9eef34f332f2a;Semibalanus	99.681	313	1	0	1	313	1	313	2.21e-164	573
M02215:3:000000000-B9JT7:1:1103:23233:230881:N:0:1;size=3;	882bcbeccf43f6ad24cd4dddc65e79df5feeaa78;Bathycoccus	98.795	332	3	1	1	332	1	331	2.14e-169	590
M02215:3:000000000-B9JT7:1:1103:26171:194561:N:0:1;size=3;	4cd74ea4e95a872c0c86017026f9eef34f332f2a;Semibalanus	99.681	313	1	0	1	313	1	313	2.21e-164	573
M02215:3:000000000-B9JT7:1:1103:27464:91551:N:0:1;size=3;	d92752cfdd8fd1a32b49db69adb3e1e7a3b4e8cc;Cyclotella	99.681	313	1	0	1	313	1	313	2.21e-164	573
M02215:3:000000000-B9JT7:1:1103:9453:169311:N:0:1;size=8;	e02f30938c4249055fbb9bb66e41202a1e18fce8;Capitellidae	100.000	312	0	0	1	312	1	312	1.70e-165	577
M02215:3:000000000-B9JT7:1:1104:11621:74711:N:0:1;size=3;	d92752cfdd8fd1a32b49db69adb3e1e7a3b4e8cc;Cyclotella	99.681	313	1	0	1	313	1	313	2.21e-164	573
M02215:3:000000000-B9JT7:1:1104:13363:176621:N:0:1;size=5;	b1a34b52e9dbe50cc0e7728a1c7595dcf1351f25;Littorina	100.000	313	0	0	1	313	1	313	4.75e-166	579
M02215:3:000000000-B9JT7:1:1104:15861:179021:N:0:1;size=3;	4cd74ea4e95a872c0c86017026f9eef34f332f2a;Semibalanus	99.681	313	1	0	1	313	1	313	2.19e-164	573
M02215:3:000000000-B9JT7:1:1104:23659:197691:N:0:1;size=7;	ecbcc3bd709776326a720729ad74c020c160aa3a;Chlorella	100.000	313	0	0	1	313	1	313	4.75e-166	579
M02215:3:000000000-B9JT7:1:1104:2483:135921:N:0:1;size=3;	b264612d43af5a13d95043e41b1ea19da2844fb9;Centropages	100.000	313	0	0	1	313	1	313	4.43e-166	579
M02215:3:000000000-B9JT7:1:1104:26688:162131:N:0:1;size=3;	74bd536a982117e99a75e40240e0e3b1b1f81a5c;Triparma	100.000	313	0	0	1	313	1	313	4.75e-166	579
M02215:3:000000000-B9JT7:1:1104:28390:162441:N:0:1;size=3;	b1a34b52e9dbe50cc0e7728a1c7595dcf1351f25;Littorina	100.000	313	0	0	1	313	1	313	4.75e-166	579
M02215:3:000000000-B9JT7:1:1104:4880:133621:N:0:1;size=3;	a64ab751b69ad1c2dc45814951dd0b3fce5c88aa;Micromonas	100.000	313	0	0	1	313	1	313	4.75e-166	579
M02215:3:000000000-B9JT7:1:1104:4953:95601:N:0:1;size=7;	e02f30938c4249055fbb9bb66e41202a1e18fce8;Capitellidae	99.679	312	1	0	1	312	1	312	7.93e-164	571
M02215:3:000000000-B9JT7:1:1104:7522:228031:N:0:1;size=5;	32162e451e12cdf5cf3628007e99b0efa1ba946b;Phaeocystis	100.000	313	0	0	1	313	1	313	4.75e-166	579
M02215:3:000000000-B9JT7:1:1104:7822:62701:N:0:1;size=6;	b264612d43af5a13d95043e41b1ea19da2844fb9;Centropages	100.000	313	0	0	1	313	1	313	4.46e-166	579
M02215:3:000000000-B9JT7:1:1105:14496:245831:N:0:1;size=3;	e02f30938c4249055fbb9bb66e41202a1e18fce8;Capitellidae	100.000	312	0	0	1	312	1	312	1.59e-165	577
M02215:3:000000000-B9JT7:1:1105:16585:40881:N:0:1;size=3;	32162e451e12cdf5cf3628007e99b0efa1ba946b;Phaeocystis	100.000	313	0	0	1	313	1	313	4.67e-166	579
M02215:3:000000000-B9JT7:1:1105:21938:253991:N:0:1;size=3;	b1a34b52e9dbe50cc0e7728a1c7595dcf1351f25;Littorina	100.000	313	0	0	1	313	1	313	4.75e-166	579
M02215:3:000000000-B9JT7:1:1105:24759:164681:N:0:1;size=3;	b1a34b52e9dbe50cc0e7728a1c7595dcf1351f25;Littorina	100.000	313	0	0	1	313	1	313	4.75e-166	579
M02215:3:000000000-B9JT7:1:1105:6518:240061:N:0:1;size=5;	74bd536a982117e99a75e40240e0e3b1b1f81a5c;Triparma	100.000	313	0	0	1	313	1	313	4.75e-166	579
M02215:3:000000000-B9JT7:1:1105:6693:157031:N:0:1;size=3;	e02f30938c4249055fbb9bb66e41202a1e18fce8;Capitellidae	100.000	312	0	0	1	312	1	312	1.70e-165	577
M02215:3:000000000-B9JT7:1:1105:7903:138891:N:0:1;size=12;	b264612d43af5a13d95043e41b1ea19da2844fb9;Centropages	100.000	313	0	0	1	313	1	313	4.62e-166	579
M02215:3:000000000-B9JT7:1:1106:18968:202691:N:0:1;size=3;	a64ab751b69ad1c2dc45814951dd0b3fce5c88aa;Micromonas	100.000	313	0	0	1	313	1	313	4.75e-166	579
M02215:3:000000000-B9JT7:1:1106:23179:242121:N:0:1;size=3;	b264612d43af5a13d95043e41b1ea19da2844fb9;Centropages	100.000	313	0	0	1	313	1	313	4.75e-166	579
M02215:3:000000000-B9JT7:1:1106:5028:217551:N:0:1;size=3;	d92752cfdd8fd1a32b49db69adb3e1e7a3b4e8cc;Cyclotella	99.681	313	1	0	1	313	1	313	2.21e-164	573
M02215:3:000000000-B9JT7:1:1107:12218:157711:N:0:1;size=5;	74bd536a982117e99a75e40240e0e3b1b1f81a5c;Triparma	100.000	313	0	0	1	313	1	313	4.62e-166	579
M02215:3:000000000-B9JT7:1:1107:12986:59511:N:0:1;size=3;	e02f30938c4249055fbb9bb66e41202a1e18fce8;Capitellidae	100.000	312	0	0	1	312	1	312	1.70e-165	577
M02215:3:000000000-B9JT7:1:1107:13487:27491:N:0:1;size=3;	4cd74ea4e95a872c0c86017026f9eef34f332f2a;Semibalanus	99.681	313	1	0	1	313	1	313	2.21e-164	573
M02215:3:000000000-B9JT7:1:1107:13526:39251:N:0:1;size=3;	882bcbeccf43f6ad24cd4dddc65e79df5feeaa78;Bathycoccus	98.810	336	4	0	1	336	1	336	3.65e-172	599
M02215:3:000000000-B9JT7:1:1107:14902:101551:N:0:1;size=3;	4cd74ea4e95a872c0c86017026f9eef34f332f2a;Semibalanus	99.681	313	1	0	1	313	1	313	2.21e-164	573
M02215:3:000000000-B9JT7:1:1107:15147:27281:N:0:1;size=7;	b14e192ef4db4138ef5da5fa073aee9196146841;Capitellidae	100.000	313	0	0	1	313	1	313	4.56e-166	579
M02215:3:000000000-B9JT7:1:1107:16127:71131:N:0:1;size=5;	a64ab751b69ad1c2dc45814951dd0b3fce5c88aa;Micromonas	100.000	313	0	0	1	313	1	313	4.75e-166	579
M02215:3:000000000-B9JT7:1:1107:18575:20281:N:0:1;size=7;	d92752cfdd8fd1a32b49db69adb3e1e7a3b4e8cc;Cyclotella	99.681	313	1	0	1	313	1	313	2.15e-164	573
M02215:3:000000000-B9JT7:1:1107:21553:143061:N:0:1;size=3;	4cd74ea4e95a872c0c86017026f9eef34f332f2a;Semibalanus	99.681	313	1	0	1	313	1	313	2.21e-164	573
M02215:3:000000000-B9JT7:1:1107:23549:78041:N:0:1;size=5;	e02f30938c4249055fbb9bb66e41202a1e18fce8;Capitellidae	99.679	312	1	0	1	312	1	312	7.93e-164	571
M02215:3:000000000-B9JT7:1:1107:24028:156351:N:0:1;size=3;	a64ab751b69ad1c2dc45814951dd0b3fce5c88aa;Micromonas	100.000	313	0	0	1	313	1	313	4.75e-166	579
M02215:3:000000000-B9JT7:1:1107:26345:84921:N:0:1;size=3;	b264612d43af5a13d95043e41b1ea19da2844fb9;Centropages	100.000	313	0	0	1	313	1	313	4.75e-166	579
M02215:3:000000000-B9JT7:1:1107:27003:77051:N:0:1;size=3;	d92752cfdd8fd1a32b49db69adb3e1e7a3b4e8cc;Cyclotella	99.681	313	1	0	1	313	1	313	2.21e-164	573
M02215:3:000000000-B9JT7:1:1107:5427:154721:N:0:1;size=3;	74bd536a982117e99a75e40240e0e3b1b1f81a5c;Triparma	100.000	313	0	0	1	313	1	313	4.75e-166	579
M02215:3:000000000-B9JT7:1:1108:10148:194811:N:0:1;size=3;	e02f30938c4249055fbb9bb66e41202a1e18fce8;Capitellidae	99.679	312	1	0	1	312	1	312	7.93e-164	571
M02215:3:000000000-B9JT7:1:1108:15736:245781:N:0:1;size=3;	b1a34b52e9dbe50cc0e7728a1c7595dcf1351f25;Littorina	100.000	313	0	0	1	313	1	313	4.75e-166	579
M02215:3:000000000-B9JT7:1:1108:17031:205391:N:0:1;size=3;	b264612d43af5a13d95043e41b1ea19da2844fb9;Centropages	100.000	313	0	0	1	313	1	313	4.56e-166	579
M02215:3:000000000-B9JT7:1:1108:18017:250371:N:0:1;size=3;	b264612d43af5a13d95043e41b1ea19da2844fb9;Centropages	100.000	313	0	0	1	313	1	313	4.75e-166	579
M02215:3:000000000-B9JT7:1:1108:20051:100071:N:0:1;size=5;	6f98e637735b187cd156c79b8f022a0bc63d5fc5;Micromonas	100.000	313	0	0	1	313	1	313	4.69e-166	579
M02215:3:000000000-B9JT7:1:1108:20933:116591:N:0:1;size=3;	b264612d43af5a13d95043e41b1ea19da2844fb9;Centropages	100.000	313	0	0	1	313	1	313	4.59e-166	579
M02215:3:000000000-B9JT7:1:1108:26011:138071:N:0:1;size=3;	d92752cfdd8fd1a32b49db69adb3e1e7a3b4e8cc;Cyclotella	99.681	313	1	0	1	313	1	313	2.21e-164	573
M02215:3:000000000-B9JT7:1:1108:26629:100541:N:0:1;size=3;	e02f30938c4249055fbb9bb66e41202a1e18fce8;Capitellidae	100.000	312	0	0	1	312	1	312	1.70e-165	577
M02215:3:000000000-B9JT7:1:1108:8870:145441:N:0:1;size=3;	a64ab751b69ad1c2dc45814951dd0b3fce5c88aa;Micromonas	100.000	313	0	0	1	313	1	313	4.75e-166	579
M02215:3:000000000-B9JT7:1:1108:9536:143751:N:0:1;size=8;	b1a34b52e9dbe50cc0e7728a1c7595dcf1351f25;Littorina	100.000	313	0	0	1	313	1	313	4.75e-166	579
M02215:3:000000000-B9JT7:1:1109:11093:104021:N:0:1;size=3;	5ae1341da7ed3b29f88201563c85b12b0112a65a;Minutocellus	100.000	313	0	0	1	313	1	313	4.69e-166	579
M02215:3:000000000-B9JT7:1:1109:12892:114131:N:0:1;size=7;	a64ab751b69ad1c2dc45814951dd0b3fce5c88aa;Micromonas	100.000	313	0	0	1	313	1	313	4.56e-166	579
M02215:3:000000000-B9JT7:1:1109:15381:171311:N:0:1;size=3;	882bcbeccf43f6ad24cd4dddc65e79df5feeaa78;Bathycoccus	99.394	330	2	0	1	330	1	330	3.55e-172	599
M02215:3:000000000-B9JT7:1:1109:19307:252621:N:0:1;size=3;	e02f30938c4249055fbb9bb66e41202a1e18fce8;Capitellidae	100.000	312	0	0	1	312	1	312	1.70e-165	577
M02215:3:000000000-B9JT7:1:1109:23770:141891:N:0:1;size=5;	74bd536a982117e99a75e40240e0e3b1b1f81a5c;Triparma	100.000	313	0	0	1	313	1	313	4.75e-166	579
M02215:3:000000000-B9JT7:1:1109:25081:179381:N:0:1;size=3;	e02f30938c4249055fbb9bb66e41202a1e18fce8;Capitellidae	100.000	312	0	0	1	312	1	312	1.70e-165	577
M02215:3:000000000-B9JT7:1:1109:27758:211681:N:0:1;size=3;	b14e192ef4db4138ef5da5fa073aee9196146841;Capitellidae	100.000	313	0	0	1	313	1	313	4.75e-166	579
M02215:3:000000000-B9JT7:1:1110:13139:171931:N:0:1;size=3;	12b98cb34776b20c1af3092b34deaa79d36c190a;Maculaura	99.684	316	1	0	1	316	1	316	4.80e-166	579
M02215:3:000000000-B9JT7:1:1110:13344:94411:N:0:1;size=3;	b264612d43af5a13d95043e41b1ea19da2844fb9;Centropages	100.000	313	0	0	1	313	1	313	4.61e-166	579
M02215:3:000000000-B9JT7:1:1110:16522:36801:N:0:1;size=5;	a68693b3043b9d50a8c7e70db541da55c9a7d24d;Pseudocalanus	99.681	313	1	0	1	313	1	313	2.18e-164	573
M02215:3:000000000-B9JT7:1:1110:19173:37371:N:0:1;size=5;	b1a34b52e9dbe50cc0e7728a1c7595dcf1351f25;Littorina	100.000	313	0	0	1	313	1	313	4.52e-166	579
M02215:3:000000000-B9JT7:1:1110:19444:82271:N:0:1;size=5;	a64ab751b69ad1c2dc45814951dd0b3fce5c88aa;Micromonas	100.000	313	0	0	1	313	1	313	4.75e-166	579
M02215:3:000000000-B9JT7:1:1110:19530:95951:N:0:1;size=3;	e02f30938c4249055fbb9bb66e41202a1e18fce8;Capitellidae	100.000	312	0	0	1	312	1	312	1.70e-165	577
M02215:3:000000000-B9JT7:1:1110:21241:133741:N:0:1;size=3;	a64ab751b69ad1c2dc45814951dd0b3fce5c88aa;Micromonas	100.000	313	0	0	1	313	1	313	4.75e-166	579
M02215:3:000000000-B9JT7:1:1110:26680:91201:N:0:1;size=3;	b1a34b52e9dbe50cc0e7728a1c7595dcf1351f25;Littorina	100.000	313	0	0	1	313	1	313	4.75e-166	579
M02215:3:000000000-B9JT7:1:1111:17085:147431:N:0:1;size=3;	d92752cfdd8fd1a32b49db69adb3e1e7a3b4e8cc;Cyclotella	99.681	313	1	0	1	313	1	313	2.08e-164	573
M02215:3:000000000-B9JT7:1:1111:6712:198041:N:0:1;size=3;	b1a34b52e9dbe50cc0e7728a1c7595dcf1351f25;Littorina	100.000	313	0	0	1	313	1	313	4.75e-166	579
M02215:3:000000000-B9JT7:1:1111:8384:118551:N:0:1;size=3;	4cd74ea4e95a872c0c86017026f9eef34f332f2a;Semibalanus	99.681	313	1	0	1	313	1	313	2.21e-164	573
M02215:3:000000000-B9JT7:1:1112:15244:94291:N:0:1;size=5;	4cd74ea4e95a872c0c86017026f9eef34f332f2a;Semibalanus	99.681	313	1	0	1	313	1	313	2.21e-164	573
M02215:3:000000000-B9JT7:1:1112:16384:62161:N:0:1;size=3;	b1a34b52e9dbe50cc0e7728a1c7595dcf1351f25;Littorina	100.000	313	0	0	1	313	1	313	4.75e-166	579
M02215:3:000000000-B9JT7:1:1112:22294:215161:N:0:1;size=3;	b264612d43af5a13d95043e41b1ea19da2844fb9;Centropages	100.000	313	0	0	1	313	1	313	4.55e-166	579
M02215:3:000000000-B9JT7:1:1113:19815:274221:N:0:1;size=5;	d92752cfdd8fd1a32b49db69adb3e1e7a3b4e8cc;Cyclotella	99.681	313	1	0	1	313	1	313	2.06e-164	573
M02215:3:000000000-B9JT7:1:1113:28071:118631:N:0:1;size=11;	d92752cfdd8fd1a32b49db69adb3e1e7a3b4e8cc;Cyclotella	99.681	313	1	0	1	313	1	313	2.21e-164	573
M02215:3:000000000-B9JT7:1:1113:28708:146641:N:0:1;size=3;	e02f30938c4249055fbb9bb66e41202a1e18fce8;Capitellidae	100.000	312	0	0	1	312	1	312	1.70e-165	577
M02215:3:000000000-B9JT7:1:1113:6968:195291:N:0:1;size=3;	b264612d43af5a13d95043e41b1ea19da2844fb9;Centropages	100.000	313	0	0	1	313	1	313	4.75e-166	579
M02215:3:000000000-B9JT7:1:1114:16031:192271:N:0:1;size=3;	b1a34b52e9dbe50cc0e7728a1c7595dcf1351f25;Littorina	100.000	313	0	0	1	313	1	313	4.75e-166	579
M02215:3:000000000-B9JT7:1:1114:18337:265161:N:0:1;size=3;	a64ab751b69ad1c2dc45814951dd0b3fce5c88aa;Micromonas	100.000	313	0	0	1	313	1	313	4.75e-166	579
M02215:3:000000000-B9JT7:1:1114:23742:116771:N:0:1;size=5;	b14e192ef4db4138ef5da5fa073aee9196146841;Capitellidae	100.000	313	0	0	1	313	1	313	4.75e-166	579
M02215:3:000000000-B9JT7:1:2101:19969:65211:N:0:1;size=3;	4cd74ea4e95a872c0c86017026f9eef34f332f2a;Semibalanus	99.681	313	1	0	1	313	1	313	2.21e-164	573
M02215:3:000000000-B9JT7:1:2105:19071:166481:N:0:1;size=3;	e02f30938c4249055fbb9bb66e41202a1e18fce8;Capitellidae	100.000	312	0	0	1	312	1	312	1.65e-165	577
M02215:3:000000000-B9JT7:1:1101:11137:151711:N:0:1;size=2;	32162e451e12cdf5cf3628007e99b0efa1ba946b;Phaeocystis	100.000	313	0	0	1	313	1	313	4.75e-166	579
M02215:3:000000000-B9JT7:1:1101:11738:128401:N:0:1;size=2;	32162e451e12cdf5cf3628007e99b0efa1ba946b;Phaeocystis	100.000	313	0	0	1	313	1	313	4.69e-166	579
M02215:3:000000000-B9JT7:1:1101:12432:278561:N:0:1;size=2;	b14e192ef4db4138ef5da5fa073aee9196146841;Capitellidae	100.000	313	0	0	1	313	1	313	4.75e-166	579
M02215:3:000000000-B9JT7:1:1101:15149:50461:N:0:1;size=2;	e02f30938c4249055fbb9bb66e41202a1e18fce8;Capitellidae	100.000	312	0	0	1	312	1	312	1.70e-165	577
M02215:3:000000000-B9JT7:1:1101:15434:147121:N:0:1;size=2;	b14e192ef4db4138ef5da5fa073aee9196146841;Capitellidae	100.000	313	0	0	1	313	1	313	4.75e-166	579
M02215:3:000000000-B9JT7:1:1101:16233:141631:N:0:1;size=2;	b14e192ef4db4138ef5da5fa073aee9196146841;Capitellidae	100.000	313	0	0	1	313	1	313	4.75e-166	579
M02215:3:000000000-B9JT7:1:1101:17967:29591:N:0:1;size=6;	a64ab751b69ad1c2dc45814951dd0b3fce5c88aa;Micromonas	100.000	313	0	0	1	313	1	313	4.75e-166	579
M02215:3:000000000-B9JT7:1:1101:19013:223401:N:0:1;size=2;	74bd536a982117e99a75e40240e0e3b1b1f81a5c;Triparma	100.000	313	0	0	1	313	1	313	4.75e-166	579
M02215:3:000000000-B9JT7:1:1101:19525:242171:N:0:1;size=4;	e02f30938c4249055fbb9bb66e41202a1e18fce8;Capitellidae	100.000	312	0	0	1	312	1	312	1.70e-165	577
M02215:3:000000000-B9JT7:1:1101:19908:140991:N:0:1;size=2;	a64ab751b69ad1c2dc45814951dd0b3fce5c88aa;Micromonas	100.000	313	0	0	1	313	1	313	4.61e-166	579
M02215:3:000000000-B9JT7:1:1101:20728:262701:N:0:1;size=4;	b14e192ef4db4138ef5da5fa073aee9196146841;Capitellidae	100.000	313	0	0	1	313	1	313	4.59e-166	579
M02215:3:000000000-B9JT7:1:1101:21487:173781:N:0:1;size=10;	4cd74ea4e95a872c0c86017026f9eef34f332f2a;Semibalanus	99.681	313	1	0	1	313	1	313	2.14e-164	573
M02215:3:000000000-B9JT7:1:1101:22040:90311:N:0:1;size=2;	83334fa70e3fa4e07973c5ed12903166a1da716f;unclassified	100.000	313	0	0	1	313	1	313	4.75e-166	579
M02215:3:000000000-B9JT7:1:1101:22449:123911:N:0:1;size=2;	4cd74ea4e95a872c0c86017026f9eef34f332f2a;Semibalanus	99.681	313	1	0	1	313	1	313	2.15e-164	573
M02215:3:000000000-B9JT7:1:1101:22791:204041:N:0:1;size=2;	b1a34b52e9dbe50cc0e7728a1c7595dcf1351f25;Littorina	100.000	313	0	0	1	313	1	313	4.45e-166	579
M02215:3:000000000-B9JT7:1:1101:2325:120581:N:0:1;size=2;	a64ab751b69ad1c2dc45814951dd0b3fce5c88aa;Micromonas	100.000	312	0	0	2	313	2	313	1.64e-165	577
M02215:3:000000000-B9JT7:1:1101:23883:204251:N:0:1;size=2;	cc641d3be8658bf309461ade2f85466110d635ba;bacterium	100.000	313	0	0	1	313	1	313	4.75e-166	579
M02215:3:000000000-B9JT7:1:1101:24847:76911:N:0:1;size=2;	b14e192ef4db4138ef5da5fa073aee9196146841;Capitellidae	99.681	313	1	0	1	313	1	313	2.21e-164	573
M02215:3:000000000-B9JT7:1:1101:25550:175761:N:0:1;size=2;	e02f30938c4249055fbb9bb66e41202a1e18fce8;Capitellidae	100.000	312	0	0	1	312	1	312	1.70e-165	577
M02215:3:000000000-B9JT7:1:1101:26197:86171:N:0:1;size=8;	4cd74ea4e95a872c0c86017026f9eef34f332f2a;Semibalanus	99.681	313	1	0	1	313	1	313	2.21e-164	573
M02215:3:000000000-B9JT7:1:1101:2634:165891:N:0:1;size=2;	74bd536a982117e99a75e40240e0e3b1b1f81a5c;Triparma	100.000	313	0	0	1	313	1	313	4.71e-166	579
M02215:3:000000000-B9JT7:1:1101:28887:120291:N:0:1;size=2;	74bd536a982117e99a75e40240e0e3b1b1f81a5c;Triparma	100.000	313	0	0	1	313	1	313	4.75e-166	579
M02215:3:000000000-B9JT7:1:1101:4220:146271:N:0:1;size=2;	e02f30938c4249055fbb9bb66e41202a1e18fce8;Capitellidae	99.679	312	1	0	1	312	1	312	7.93e-164	571
M02215:3:000000000-B9JT7:1:1101:5117:219881:N:0:1;size=2;	d92752cfdd8fd1a32b49db69adb3e1e7a3b4e8cc;Cyclotella	99.681	313	1	0	1	313	1	313	2.21e-164	573
M02215:3:000000000-B9JT7:1:1101:6709:231951:N:0:1;size=4;	74bd536a982117e99a75e40240e0e3b1b1f81a5c;Triparma	100.000	313	0	0	1	313	1	313	4.56e-166	579
M02215:3:000000000-B9JT7:1:1101:9127:193721:N:0:1;size=2;	e02f30938c4249055fbb9bb66e41202a1e18fce8;Capitellidae	100.000	312	0	0	1	312	1	312	1.65e-165	577
M02215:3:000000000-B9JT7:1:1102:11423:156801:N:0:1;size=6;	882bcbeccf43f6ad24cd4dddc65e79df5feeaa78;Bathycoccus	99.107	336	3	0	1	336	1	336	7.84e-174	604
M02215:3:000000000-B9JT7:1:1102:13300:112741:N:0:1;size=2;	4cd74ea4e95a872c0c86017026f9eef34f332f2a;Semibalanus	99.681	313	1	0	1	313	1	313	2.21e-164	573
M02215:3:000000000-B9JT7:1:1102:13466:62641:N:0:1;size=2;	d92752cfdd8fd1a32b49db69adb3e1e7a3b4e8cc;Cyclotella	99.042	313	3	0	1	313	1	313	4.79e-161	562
M02215:3:000000000-B9JT7:1:1102:14652:279441:N:0:1;size=2;	a68693b3043b9d50a8c7e70db541da55c9a7d24d;Pseudocalanus	99.681	313	1	0	1	313	1	313	2.21e-164	573
M02215:3:000000000-B9JT7:1:1102:15689:35021:N:0:1;size=2;	b264612d43af5a13d95043e41b1ea19da2844fb9;Centropages	99.681	313	1	0	1	313	1	313	2.21e-164	573
M02215:3:000000000-B9JT7:1:1102:16412:172021:N:0:1;size=2;	5ae1341da7ed3b29f88201563c85b12b0112a65a;Minutocellus	100.000	313	0	0	1	313	1	313	4.75e-166	579
M02215:3:000000000-B9JT7:1:1102:16566:22671:N:0:1;size=2;	d92752cfdd8fd1a32b49db69adb3e1e7a3b4e8cc;Cyclotella	99.681	313	1	0	1	313	1	313	2.14e-164	573
M02215:3:000000000-B9JT7:1:1102:16600:143201:N:0:1;size=2;	f6d8419fb1bae74e6b47e71e101be681b3cad570;Bathycoccus	100.000	313	0	0	1	313	1	313	4.69e-166	579
M02215:3:000000000-B9JT7:1:1102:16929:110571:N:0:1;size=2;	d92752cfdd8fd1a32b49db69adb3e1e7a3b4e8cc;Cyclotella	99.681	313	1	0	1	313	1	313	2.15e-164	573
M02215:3:000000000-B9JT7:1:1102:17993:39841:N:0:1;size=8;	a68693b3043b9d50a8c7e70db541da55c9a7d24d;Pseudocalanus	99.681	313	1	0	1	313	1	313	2.21e-164	573
M02215:3:000000000-B9JT7:1:1102:18293:66941:N:0:1;size=2;	14e21ec9b37d5162dc34cd67d5d5b38e896ff4af;Bathycoccus	100.000	313	0	0	1	313	1	313	4.69e-166	579
M02215:3:000000000-B9JT7:1:1102:18403:71091:N:0:1;size=2;	a68693b3043b9d50a8c7e70db541da55c9a7d24d;Pseudocalanus	99.681	313	1	0	1	313	1	313	2.21e-164	573
M02215:3:000000000-B9JT7:1:1102:18583:178241:N:0:1;size=2;	ecbcc3bd709776326a720729ad74c020c160aa3a;Chlorella	100.000	313	0	0	1	313	1	313	4.75e-166	579
M02215:3:000000000-B9JT7:1:1102:19822:128431:N:0:1;size=2;	b264612d43af5a13d95043e41b1ea19da2844fb9;Centropages	100.000	313	0	0	1	313	1	313	4.67e-166	579
M02215:3:000000000-B9JT7:1:1102:21475:120131:N:0:1;size=2;	d92752cfdd8fd1a32b49db69adb3e1e7a3b4e8cc;Cyclotella	99.361	313	2	0	1	313	1	313	1.03e-162	568
M02215:3:000000000-B9JT7:1:1102:22310:74981:N:0:1;size=2;	7237bd9dda56dafaf30572f138dae69d125c24c6;Bathycoccus	100.000	313	0	0	1	313	1	313	4.75e-166	579
M02215:3:000000000-B9JT7:1:1102:22402:158791:N:0:1;size=4;	b1a34b52e9dbe50cc0e7728a1c7595dcf1351f25;Littorina	100.000	313	0	0	1	313	1	313	4.75e-166	579
M02215:3:000000000-B9JT7:1:1102:22538:254391:N:0:1;size=2;	74bd536a982117e99a75e40240e0e3b1b1f81a5c;Triparma	100.000	313	0	0	1	313	1	313	4.75e-166	579
M02215:3:000000000-B9JT7:1:1102:22556:98011:N:0:1;size=2;	4cd74ea4e95a872c0c86017026f9eef34f332f2a;Semibalanus	99.681	313	1	0	1	313	1	313	2.21e-164	573
M02215:3:000000000-B9JT7:1:1102:23116:108221:N:0:1;size=4;	a64ab751b69ad1c2dc45814951dd0b3fce5c88aa;Micromonas	100.000	313	0	0	1	313	1	313	4.62e-166	579
M02215:3:000000000-B9JT7:1:1102:23129:138971:N:0:1;size=2;	b14e192ef4db4138ef5da5fa073aee9196146841;Capitellidae	99.681	313	1	0	1	313	1	313	2.21e-164	573
M02215:3:000000000-B9JT7:1:1102:23436:112171:N:0:1;size=2;	b14e192ef4db4138ef5da5fa073aee9196146841;Capitellidae	100.000	313	0	0	1	313	1	313	4.65e-166	579
M02215:3:000000000-B9JT7:1:1102:24364:224941:N:0:1;size=2;	a68693b3043b9d50a8c7e70db541da55c9a7d24d;Pseudocalanus	99.681	313	1	0	1	313	1	313	2.21e-164	573
M02215:3:000000000-B9JT7:1:1102:26472:198601:N:0:1;size=2;	e02f30938c4249055fbb9bb66e41202a1e18fce8;Capitellidae	100.000	312	0	0	1	312	1	312	1.70e-165	577
M02215:3:000000000-B9JT7:1:1102:26498:135111:N:0:1;size=2;	b14e192ef4db4138ef5da5fa073aee9196146841;Capitellidae	99.681	313	1	0	1	313	1	313	2.18e-164	573
M02215:3:000000000-B9JT7:1:1102:28320:135511:N:0:1;size=2;	b1a34b52e9dbe50cc0e7728a1c7595dcf1351f25;Littorina	100.000	313	0	0	1	313	1	313	4.75e-166	579
M02215:3:000000000-B9JT7:1:1102:5216:147101:N:0:1;size=2;	ecbcc3bd709776326a720729ad74c020c160aa3a;Chlorella	100.000	313	0	0	1	313	1	313	4.75e-166	579
M02215:3:000000000-B9JT7:1:1102:5888:201051:N:0:1;size=2;	e02f30938c4249055fbb9bb66e41202a1e18fce8;Capitellidae	100.000	312	0	0	1	312	1	312	1.70e-165	577
M02215:3:000000000-B9JT7:1:1102:6649:102491:N:0:1;size=2;	5ae1341da7ed3b29f88201563c85b12b0112a65a;Minutocellus	100.000	313	0	0	1	313	1	313	4.75e-166	579
M02215:3:000000000-B9JT7:1:1102:7267:226101:N:0:1;size=2;	74bd536a982117e99a75e40240e0e3b1b1f81a5c;Triparma	100.000	313	0	0	1	313	1	313	4.75e-166	579
M02215:3:000000000-B9JT7:1:1102:8005:211851:N:0:1;size=4;	882bcbeccf43f6ad24cd4dddc65e79df5feeaa78;Bathycoccus	100.000	315	0	0	1	315	1	315	3.38e-167	582
M02215:3:000000000-B9JT7:1:1102:8528:193621:N:0:1;size=4;	e02f30938c4249055fbb9bb66e41202a1e18fce8;Capitellidae	100.000	312	0	0	1	312	1	312	1.70e-165	577
M02215:3:000000000-B9JT7:1:1102:9646:213371:N:0:1;size=2;	b1a34b52e9dbe50cc0e7728a1c7595dcf1351f25;Littorina	100.000	313	0	0	1	313	1	313	4.75e-166	579
M02215:3:000000000-B9JT7:1:1103:13087:204801:N:0:1;size=2;	a64ab751b69ad1c2dc45814951dd0b3fce5c88aa;Micromonas	100.000	313	0	0	1	313	1	313	4.75e-166	579
M02215:3:000000000-B9JT7:1:1103:13281:224931:N:0:1;size=4;	a68693b3043b9d50a8c7e70db541da55c9a7d24d;Pseudocalanus	99.681	313	1	0	1	313	1	313	2.21e-164	573
M02215:3:000000000-B9JT7:1:1103:15345:147241:N:0:1;size=4;	d92752cfdd8fd1a32b49db69adb3e1e7a3b4e8cc;Cyclotella	99.681	313	1	0	1	313	1	313	2.21e-164	573
M02215:3:000000000-B9JT7:1:1103:15417:75881:N:0:1;size=2;	b1a34b52e9dbe50cc0e7728a1c7595dcf1351f25;Littorina	100.000	313	0	0	1	313	1	313	4.75e-166	579
M02215:3:000000000-B9JT7:1:1103:15644:188791:N:0:1;size=2;	af7152e514a5fe07118bba71dc8d72265671a7d5;Macrocystis	100.000	313	0	0	1	313	1	313	4.75e-166	579
M02215:3:000000000-B9JT7:1:1103:15789:61151:N:0:1;size=4;	b14e192ef4db4138ef5da5fa073aee9196146841;Capitellidae	100.000	313	0	0	1	313	1	313	4.75e-166	579
M02215:3:000000000-B9JT7:1:1103:16589:274071:N:0:1;size=4;	4cd74ea4e95a872c0c86017026f9eef34f332f2a;Semibalanus	99.681	313	1	0	1	313	1	313	2.21e-164	573
M02215:3:000000000-B9JT7:1:1103:17243:31351:N:0:1;size=2;	e02f30938c4249055fbb9bb66e41202a1e18fce8;Capitellidae	99.679	312	1	0	1	312	1	312	7.61e-164	571
M02215:3:000000000-B9JT7:1:1103:17453:221701:N:0:1;size=2;	b14e192ef4db4138ef5da5fa073aee9196146841;Capitellidae	100.000	313	0	0	1	313	1	313	4.75e-166	579
M02215:3:000000000-B9JT7:1:1103:18248:54381:N:0:1;size=2;	4cd74ea4e95a872c0c86017026f9eef34f332f2a;Semibalanus	99.681	313	1	0	1	313	1	313	2.21e-164	573
M02215:3:000000000-B9JT7:1:1103:18336:77451:N:0:1;size=4;	d92752cfdd8fd1a32b49db69adb3e1e7a3b4e8cc;Cyclotella	99.361	313	2	0	1	313	1	313	1.03e-162	568
M02215:3:000000000-B9JT7:1:1103:18459:285911:N:0:1;size=2;	9402a7067c5f07e093e31adf849318245f495bb9;Micromonas	100.000	313	0	0	1	313	1	313	4.75e-166	579
M02215:3:000000000-B9JT7:1:1103:18805:182301:N:0:1;size=2;	e02f30938c4249055fbb9bb66e41202a1e18fce8;Capitellidae	99.679	312	1	0	1	312	1	312	7.93e-164	571
M02215:3:000000000-B9JT7:1:1103:19767:220321:N:0:1;size=2;	e02f30938c4249055fbb9bb66e41202a1e18fce8;Capitellidae	99.679	312	1	0	1	312	1	312	7.93e-164	571
M02215:3:000000000-B9JT7:1:1103:20160:183031:N:0:1;size=2;	a64ab751b69ad1c2dc45814951dd0b3fce5c88aa;Micromonas	100.000	297	0	0	1	297	1	297	3.68e-157	549
M02215:3:000000000-B9JT7:1:1103:21429:240081:N:0:1;size=4;	4cd74ea4e95a872c0c86017026f9eef34f332f2a;Semibalanus	99.681	313	1	0	1	313	1	313	2.21e-164	573
M02215:3:000000000-B9JT7:1:1103:22653:148591:N:0:1;size=2;	b264612d43af5a13d95043e41b1ea19da2844fb9;Centropages	100.000	313	0	0	1	313	1	313	4.52e-166	579
M02215:3:000000000-B9JT7:1:1103:24611:155441:N:0:1;size=2;	b14e192ef4db4138ef5da5fa073aee9196146841;Capitellidae	99.681	313	1	0	1	313	1	313	2.21e-164	573
M02215:3:000000000-B9JT7:1:1103:26008:190391:N:0:1;size=2;	82a205f3daa68291bd588729164809bef0b97a45;Nereis	99.662	296	1	0	1	296	1	296	5.66e-155	542
M02215:3:000000000-B9JT7:1:1103:26319:119531:N:0:1;size=2;	6f98e637735b187cd156c79b8f022a0bc63d5fc5;Micromonas	100.000	313	0	0	1	313	1	313	4.75e-166	579
M02215:3:000000000-B9JT7:1:1103:27435:220051:N:0:1;size=2;	74bd536a982117e99a75e40240e0e3b1b1f81a5c;Triparma	100.000	313	0	0	1	313	1	313	4.65e-166	579
M02215:3:000000000-B9JT7:1:1103:29013:137561:N:0:1;size=2;	b264612d43af5a13d95043e41b1ea19da2844fb9;Centropages	100.000	313	0	0	1	313	1	313	4.75e-166	579
M02215:3:000000000-B9JT7:1:1103:7471:134981:N:0:1;size=2;	d92752cfdd8fd1a32b49db69adb3e1e7a3b4e8cc;Cyclotella	99.681	313	1	0	1	313	1	313	2.21e-164	573
M02215:3:000000000-B9JT7:1:1103:7887:202391:N:0:1;size=2;	a64ab751b69ad1c2dc45814951dd0b3fce5c88aa;Micromonas	100.000	313	0	0	1	313	1	313	4.75e-166	579
M02215:3:000000000-B9JT7:1:1103:7990:61321:N:0:1;size=4;	b264612d43af5a13d95043e41b1ea19da2844fb9;Centropages	100.000	313	0	0	1	313	1	313	4.65e-166	579
M02215:3:000000000-B9JT7:1:1103:8600:92991:N:0:1;size=2;	a64ab751b69ad1c2dc45814951dd0b3fce5c88aa;Micromonas	100.000	313	0	0	1	313	1	313	4.48e-166	579
M02215:3:000000000-B9JT7:1:1103:8938:212191:N:0:1;size=2;	e02f30938c4249055fbb9bb66e41202a1e18fce8;Capitellidae	99.679	312	1	0	1	312	1	312	7.93e-164	571
M02215:3:000000000-B9JT7:1:1103:9043:86431:N:0:1;size=2;	b1a34b52e9dbe50cc0e7728a1c7595dcf1351f25;Littorina	100.000	313	0	0	1	313	1	313	4.75e-166	579
M02215:3:000000000-B9JT7:1:1103:9096:114561:N:0:1;size=2;	e02f30938c4249055fbb9bb66e41202a1e18fce8;Capitellidae	100.000	312	0	0	1	312	1	312	1.70e-165	577
M02215:3:000000000-B9JT7:1:1104:10678:94271:N:0:1;size=2;	a64ab751b69ad1c2dc45814951dd0b3fce5c88aa;Micromonas	100.000	313	0	0	1	313	1	313	4.56e-166	579
M02215:3:000000000-B9JT7:1:1104:10724:139971:N:0:1;size=4;	4cd74ea4e95a872c0c86017026f9eef34f332f2a;Semibalanus	99.681	313	1	0	1	313	1	313	2.21e-164	573
M02215:3:000000000-B9JT7:1:1104:13416:159161:N:0:1;size=2;	882bcbeccf43f6ad24cd4dddc65e79df5feeaa78;Bathycoccus	98.788	330	4	0	1	330	1	330	7.90e-169	588
M02215:3:000000000-B9JT7:1:1104:13549:96501:N:0:1;size=2;	b264612d43af5a13d95043e41b1ea19da2844fb9;Centropages	99.681	313	1	0	1	313	1	313	2.21e-164	573
M02215:3:000000000-B9JT7:1:1104:14722:287951:N:0:1;size=2;	12b98cb34776b20c1af3092b34deaa79d36c190a;Maculaura	99.684	316	1	0	1	316	1	316	4.80e-166	579
M02215:3:000000000-B9JT7:1:1104:15796:51071:N:0:1;size=2;	b14e192ef4db4138ef5da5fa073aee9196146841;Capitellidae	100.000	313	0	0	1	313	1	313	4.75e-166	579
M02215:3:000000000-B9JT7:1:1104:16310:45381:N:0:1;size=2;	b14e192ef4db4138ef5da5fa073aee9196146841;Capitellidae	99.681	313	1	0	1	313	1	313	2.21e-164	573
M02215:3:000000000-B9JT7:1:1104:16530:94591:N:0:1;size=2;	e02f30938c4249055fbb9bb66e41202a1e18fce8;Capitellidae	100.000	312	0	0	1	312	1	312	1.61e-165	577
M02215:3:000000000-B9JT7:1:1104:19169:284071:N:0:1;size=2;	a64ab751b69ad1c2dc45814951dd0b3fce5c88aa;Micromonas	100.000	311	0	0	1	311	3	313	6.11e-165	575
M02215:3:000000000-B9JT7:1:1104:20747:238181:N:0:1;size=4;	a68693b3043b9d50a8c7e70db541da55c9a7d24d;Pseudocalanus	99.681	313	1	0	1	313	1	313	2.19e-164	573
M02215:3:000000000-B9JT7:1:1104:22038:234961:N:0:1;size=2;	ecbcc3bd709776326a720729ad74c020c160aa3a;Chlorella	100.000	313	0	0	1	313	1	313	4.69e-166	579
M02215:3:000000000-B9JT7:1:1104:22914:116331:N:0:1;size=2;	b264612d43af5a13d95043e41b1ea19da2844fb9;Centropages	100.000	313	0	0	1	313	1	313	4.53e-166	579
M02215:3:000000000-B9JT7:1:1104:25525:175751:N:0:1;size=2;	74bd536a982117e99a75e40240e0e3b1b1f81a5c;Triparma	100.000	313	0	0	1	313	1	313	4.75e-166	579
M02215:3:000000000-B9JT7:1:1104:25644:88851:N:0:1;size=2;	d92752cfdd8fd1a32b49db69adb3e1e7a3b4e8cc;Cyclotella	99.361	313	2	0	1	313	1	313	1.01e-162	568
M02215:3:000000000-B9JT7:1:1104:27204:101591:N:0:1;size=2;	d92752cfdd8fd1a32b49db69adb3e1e7a3b4e8cc;Cyclotella	99.681	313	1	0	1	313	1	313	2.17e-164	573
M02215:3:000000000-B9JT7:1:1104:28507:206681:N:0:1;size=2;	882bcbeccf43f6ad24cd4dddc65e79df5feeaa78;Bathycoccus	98.235	340	6	0	1	340	1	340	4.72e-171	595
M02215:3:000000000-B9JT7:1:1104:3374:208321:N:0:1;size=2;	4cd74ea4e95a872c0c86017026f9eef34f332f2a;Semibalanus	99.681	313	1	0	1	313	1	313	2.21e-164	573
M02215:3:000000000-B9JT7:1:1104:3412:99281:N:0:1;size=4;	a68693b3043b9d50a8c7e70db541da55c9a7d24d;Pseudocalanus	99.361	313	2	0	1	313	1	313	1.03e-162	568
M02215:3:000000000-B9JT7:1:1104:5189:137641:N:0:1;size=2;	882bcbeccf43f6ad24cd4dddc65e79df5feeaa78;Bathycoccus	98.795	332	3	1	1	332	1	331	2.20e-169	590
M02215:3:000000000-B9JT7:1:1104:5793:98931:N:0:1;size=2;	a64ab751b69ad1c2dc45814951dd0b3fce5c88aa;Micromonas	100.000	313	0	0	1	313	1	313	4.75e-166	579
M02215:3:000000000-B9JT7:1:1104:7657:95401:N:0:1;size=2;	b1a34b52e9dbe50cc0e7728a1c7595dcf1351f25;Littorina	100.000	313	0	0	1	313	1	313	4.75e-166	579
M02215:3:000000000-B9JT7:1:1104:9060:242841:N:0:1;size=2;	32162e451e12cdf5cf3628007e99b0efa1ba946b;Phaeocystis	97.683	259	4	2	56	313	56	313	1.81e-125	444
M02215:3:000000000-B9JT7:1:1105:11509:48181:N:0:1;size=2;	4cd74ea4e95a872c0c86017026f9eef34f332f2a;Semibalanus	99.681	313	1	0	1	313	1	313	2.21e-164	573
M02215:3:000000000-B9JT7:1:1105:12079:47971:N:0:1;size=2;	4cd74ea4e95a872c0c86017026f9eef34f332f2a;Semibalanus	99.681	313	1	0	1	313	1	313	2.21e-164	573
M02215:3:000000000-B9JT7:1:1105:12581:166771:N:0:1;size=2;	6f98e637735b187cd156c79b8f022a0bc63d5fc5;Micromonas	100.000	313	0	0	1	313	1	313	4.75e-166	579
M02215:3:000000000-B9JT7:1:1105:13366:244541:N:0:1;size=2;	d92752cfdd8fd1a32b49db69adb3e1e7a3b4e8cc;Cyclotella	99.681	313	1	0	1	313	1	313	2.21e-164	573
M02215:3:000000000-B9JT7:1:1105:17304:123731:N:0:1;size=2;	4cd74ea4e95a872c0c86017026f9eef34f332f2a;Semibalanus	99.681	313	1	0	1	313	1	313	2.21e-164	573
M02215:3:000000000-B9JT7:1:1105:17511:267541:N:0:1;size=4;	d92752cfdd8fd1a32b49db69adb3e1e7a3b4e8cc;Cyclotella	99.681	313	1	0	1	313	1	313	2.14e-164	573
M02215:3:000000000-B9JT7:1:1105:17873:217541:N:0:1;size=2;	ecbcc3bd709776326a720729ad74c020c160aa3a;Chlorella	100.000	313	0	0	1	313	1	313	4.58e-166	579
M02215:3:000000000-B9JT7:1:1105:21562:156531:N:0:1;size=2;	82a205f3daa68291bd588729164809bef0b97a45;Nereis	99.662	296	1	0	1	296	1	296	5.91e-155	542
M02215:3:000000000-B9JT7:1:1105:21584:170891:N:0:1;size=2;	32162e451e12cdf5cf3628007e99b0efa1ba946b;Phaeocystis	100.000	313	0	0	1	313	1	313	4.75e-166	579
M02215:3:000000000-B9JT7:1:1105:22434:135751:N:0:1;size=2;	a4c5abb6f8cf3f8e1f96fcd812149a53baef88bd;Micromonas	99.361	313	2	0	1	313	1	313	1.03e-162	568
M02215:3:000000000-B9JT7:1:1105:22465:139241:N:0:1;size=4;	882bcbeccf43f6ad24cd4dddc65e79df5feeaa78;Bathycoccus	100.000	317	0	0	1	317	1	317	2.57e-168	586
M02215:3:000000000-B9JT7:1:1105:25346:95971:N:0:1;size=2;	e02f30938c4249055fbb9bb66e41202a1e18fce8;Capitellidae	100.000	312	0	0	1	312	1	312	1.70e-165	577
M02215:3:000000000-B9JT7:1:1105:26392:179021:N:0:1;size=2;	d92752cfdd8fd1a32b49db69adb3e1e7a3b4e8cc;Cyclotella	99.681	313	1	0	1	313	1	313	2.21e-164	573
M02215:3:000000000-B9JT7:1:1105:27376:177981:N:0:1;size=2;	cc641d3be8658bf309461ade2f85466110d635ba;bacterium	100.000	313	0	0	1	313	1	313	4.75e-166	579
M02215:3:000000000-B9JT7:1:1105:6904:132991:N:0:1;size=2;	d92752cfdd8fd1a32b49db69adb3e1e7a3b4e8cc;Cyclotella	99.361	313	2	0	1	313	1	313	1.03e-162	568
M02215:3:000000000-B9JT7:1:1105:7673:120371:N:0:1;size=2;	a64ab751b69ad1c2dc45814951dd0b3fce5c88aa;Micromonas	100.000	313	0	0	1	313	1	313	4.75e-166	579
M02215:3:000000000-B9JT7:1:1105:9092:155411:N:0:1;size=2;	a68693b3043b9d50a8c7e70db541da55c9a7d24d;Pseudocalanus	99.361	313	2	0	1	313	1	313	1.03e-162	568
M02215:3:000000000-B9JT7:1:1106:10117:182501:N:0:1;size=4;	4cd74ea4e95a872c0c86017026f9eef34f332f2a;Semibalanus	99.681	313	1	0	1	313	1	313	2.21e-164	573
M02215:3:000000000-B9JT7:1:1106:10178:95761:N:0:1;size=4;	4cd74ea4e95a872c0c86017026f9eef34f332f2a;Semibalanus	99.681	313	1	0	1	313	1	313	2.21e-164	573
M02215:3:000000000-B9JT7:1:1106:10229:167251:N:0:1;size=4;	e02f30938c4249055fbb9bb66e41202a1e18fce8;Capitellidae	100.000	312	0	0	1	312	1	312	1.70e-165	577
M02215:3:000000000-B9JT7:1:1106:13278:217041:N:0:1;size=2;	74bd536a982117e99a75e40240e0e3b1b1f81a5c;Triparma	100.000	313	0	0	1	313	1	313	4.75e-166	579
M02215:3:000000000-B9JT7:1:1106:16916:260981:N:0:1;size=2;	32162e451e12cdf5cf3628007e99b0efa1ba946b;Phaeocystis	100.000	313	0	0	1	313	1	313	4.75e-166	579
M02215:3:000000000-B9JT7:1:1106:17691:230331:N:0:1;size=2;	ecbcc3bd709776326a720729ad74c020c160aa3a;Chlorella	100.000	313	0	0	1	313	1	313	4.75e-166	579
M02215:3:000000000-B9JT7:1:1106:18438:285501:N:0:1;size=2;	32162e451e12cdf5cf3628007e99b0efa1ba946b;Phaeocystis	100.000	313	0	0	1	313	1	313	4.75e-166	579
M02215:3:000000000-B9JT7:1:1106:19067:191241:N:0:1;size=2;	b14e192ef4db4138ef5da5fa073aee9196146841;Capitellidae	100.000	313	0	0	1	313	1	313	4.62e-166	579
M02215:3:000000000-B9JT7:1:1106:20114:222221:N:0:1;size=2;	8d21f2efa06062187f8893b44100388728067426;Centropages	99.361	313	2	0	1	313	1	313	1.03e-162	568
M02215:3:000000000-B9JT7:1:1106:21817:149871:N:0:1;size=2;	82a205f3daa68291bd588729164809bef0b97a45;Nereis	99.662	296	1	0	1	296	1	296	5.91e-155	542
M02215:3:000000000-B9JT7:1:1106:23913:83041:N:0:1;size=2;	e02f30938c4249055fbb9bb66e41202a1e18fce8;Capitellidae	100.000	312	0	0	1	312	1	312	1.70e-165	577
M02215:3:000000000-B9JT7:1:1106:24592:66631:N:0:1;size=2;	32162e451e12cdf5cf3628007e99b0efa1ba946b;Phaeocystis	100.000	313	0	0	1	313	1	313	4.75e-166	579
M02215:3:000000000-B9JT7:1:1106:25193:98361:N:0:1;size=2;	a64ab751b69ad1c2dc45814951dd0b3fce5c88aa;Micromonas	100.000	313	0	0	1	313	1	313	4.75e-166	579
M02215:3:000000000-B9JT7:1:1106:26846:176101:N:0:1;size=4;	74bd536a982117e99a75e40240e0e3b1b1f81a5c;Triparma	100.000	313	0	0	1	313	1	313	4.75e-166	579
M02215:3:000000000-B9JT7:1:1106:28332:189241:N:0:1;size=2;	a64ab751b69ad1c2dc45814951dd0b3fce5c88aa;Micromonas	100.000	313	0	0	1	313	1	313	4.43e-166	579
M02215:3:000000000-B9JT7:1:1106:6583:114701:N:0:1;size=2;	882bcbeccf43f6ad24cd4dddc65e79df5feeaa78;Bathycoccus	98.529	340	5	0	1	340	1	340	1.01e-172	601
M02215:3:000000000-B9JT7:1:1107:12913:237521:N:0:1;size=2;	ecbcc3bd709776326a720729ad74c020c160aa3a;Chlorella	100.000	313	0	0	1	313	1	313	4.69e-166	579
M02215:3:000000000-B9JT7:1:1107:13196:121151:N:0:1;size=2;	b264612d43af5a13d95043e41b1ea19da2844fb9;Centropages	100.000	313	0	0	1	313	1	313	4.75e-166	579
M02215:3:000000000-B9JT7:1:1107:14392:106461:N:0:1;size=2;	d92752cfdd8fd1a32b49db69adb3e1e7a3b4e8cc;Cyclotella	99.681	313	1	0	1	313	1	313	2.12e-164	573
M02215:3:000000000-B9JT7:1:1107:14837:177511:N:0:1;size=2;	d92752cfdd8fd1a32b49db69adb3e1e7a3b4e8cc;Cyclotella	99.681	313	1	0	1	313	1	313	2.12e-164	573
M02215:3:000000000-B9JT7:1:1107:16055:228431:N:0:1;size=2;	74bd536a982117e99a75e40240e0e3b1b1f81a5c;Triparma	100.000	313	0	0	1	313	1	313	4.75e-166	579
M02215:3:000000000-B9JT7:1:1107:16558:23991:N:0:1;size=2;	5ae1341da7ed3b29f88201563c85b12b0112a65a;Minutocellus	100.000	313	0	0	1	313	1	313	4.69e-166	579
M02215:3:000000000-B9JT7:1:1107:19294:84221:N:0:1;size=2;	b14e192ef4db4138ef5da5fa073aee9196146841;Capitellidae	100.000	313	0	0	1	313	1	313	4.75e-166	579
M02215:3:000000000-B9JT7:1:1107:19324:85561:N:0:1;size=2;	882bcbeccf43f6ad24cd4dddc65e79df5feeaa78;Bathycoccus	98.485	330	5	0	1	330	1	330	3.67e-167	582
M02215:3:000000000-B9JT7:1:1107:21547:231121:N:0:1;size=2;	ecbcc3bd709776326a720729ad74c020c160aa3a;Chlorella	100.000	313	0	0	1	313	1	313	4.75e-166	579
M02215:3:000000000-B9JT7:1:1107:22872:206801:N:0:1;size=2;	d92752cfdd8fd1a32b49db69adb3e1e7a3b4e8cc;Cyclotella	99.681	313	1	0	1	313	1	313	2.21e-164	573
M02215:3:000000000-B9JT7:1:1107:23422:181321:N:0:1;size=4;	b14e192ef4db4138ef5da5fa073aee9196146841;Capitellidae	100.000	313	0	0	1	313	1	313	4.75e-166	579
M02215:3:000000000-B9JT7:1:1107:4688:166421:N:0:1;size=4;	b264612d43af5a13d95043e41b1ea19da2844fb9;Centropages	100.000	313	0	0	1	313	1	313	4.65e-166	579
M02215:3:000000000-B9JT7:1:1107:6452:248661:N:0:1;size=2;	b1a34b52e9dbe50cc0e7728a1c7595dcf1351f25;Littorina	100.000	313	0	0	1	313	1	313	4.67e-166	579
M02215:3:000000000-B9JT7:1:1107:7591:128661:N:0:1;size=2;	882bcbeccf43f6ad24cd4dddc65e79df5feeaa78;Bathycoccus	99.398	332	1	1	1	332	1	331	9.74e-173	601
M02215:3:000000000-B9JT7:1:1108:10161:61301:N:0:1;size=2;	d92752cfdd8fd1a32b49db69adb3e1e7a3b4e8cc;Cyclotella	99.681	313	1	0	1	313	1	313	2.21e-164	573
M02215:3:000000000-B9JT7:1:1108:10971:116821:N:0:1;size=4;	e02f30938c4249055fbb9bb66e41202a1e18fce8;Capitellidae	100.000	312	0	0	1	312	1	312	1.67e-165	577
M02215:3:000000000-B9JT7:1:1108:13243:218611:N:0:1;size=2;	ecbcc3bd709776326a720729ad74c020c160aa3a;Chlorella	100.000	313	0	0	1	313	1	313	4.75e-166	579
M02215:3:000000000-B9JT7:1:1108:13810:76341:N:0:1;size=2;	ecbcc3bd709776326a720729ad74c020c160aa3a;Chlorella	100.000	313	0	0	1	313	1	313	4.69e-166	579
M02215:3:000000000-B9JT7:1:1108:14189:74081:N:0:1;size=2;	32162e451e12cdf5cf3628007e99b0efa1ba946b;Phaeocystis	100.000	313	0	0	1	313	1	313	4.75e-166	579
M02215:3:000000000-B9JT7:1:1108:17006:46871:N:0:1;size=2;	d92752cfdd8fd1a32b49db69adb3e1e7a3b4e8cc;Cyclotella	99.681	313	1	0	1	313	1	313	2.21e-164	573
M02215:3:000000000-B9JT7:1:1108:17737:29291:N:0:1;size=2;	d92752cfdd8fd1a32b49db69adb3e1e7a3b4e8cc;Cyclotella	99.681	313	1	0	1	313	1	313	2.21e-164	573
M02215:3:000000000-B9JT7:1:1108:25380:86951:N:0:1;size=2;	b264612d43af5a13d95043e41b1ea19da2844fb9;Centropages	100.000	313	0	0	1	313	1	313	4.67e-166	579
M02215:3:000000000-B9JT7:1:1108:26004:99971:N:0:1;size=2;	4cd74ea4e95a872c0c86017026f9eef34f332f2a;Semibalanus	99.681	313	1	0	1	313	1	313	2.21e-164	573
M02215:3:000000000-B9JT7:1:1108:28489:183511:N:0:1;size=4;	4cd74ea4e95a872c0c86017026f9eef34f332f2a;Semibalanus	99.681	313	1	0	1	313	1	313	2.21e-164	573
M02215:3:000000000-B9JT7:1:1108:4522:162721:N:0:1;size=2;	ecbcc3bd709776326a720729ad74c020c160aa3a;Chlorella	100.000	313	0	0	1	313	1	313	4.75e-166	579
M02215:3:000000000-B9JT7:1:1108:7248:113721:N:0:1;size=2;	d92752cfdd8fd1a32b49db69adb3e1e7a3b4e8cc;Cyclotella	99.361	313	2	0	1	313	1	313	1.03e-162	568
M02215:3:000000000-B9JT7:1:1108:7978:201771:N:0:1;size=2;	a64ab751b69ad1c2dc45814951dd0b3fce5c88aa;Micromonas	100.000	313	0	0	1	313	1	313	4.75e-166	579
M02215:3:000000000-B9JT7:1:1108:9505:212951:N:0:1;size=2;	62ef706ccacacdfbc1f4b99e94cb157ef2e2ab77;root	100.000	313	0	0	1	313	1	313	4.69e-166	579
M02215:3:000000000-B9JT7:1:1109:12737:76281:N:0:1;size=2;	ecbcc3bd709776326a720729ad74c020c160aa3a;Chlorella	98.026	304	6	0	10	313	10	313	4.85e-151	529
M02215:3:000000000-B9JT7:1:1109:16732:272551:N:0:1;size=2;	af7152e514a5fe07118bba71dc8d72265671a7d5;Macrocystis	100.000	313	0	0	1	313	1	313	4.75e-166	579
M02215:3:000000000-B9JT7:1:1109:16874:234261:N:0:1;size=2;	a68693b3043b9d50a8c7e70db541da55c9a7d24d;Pseudocalanus	99.361	313	2	0	1	313	1	313	1.03e-162	568
M02215:3:000000000-B9JT7:1:1109:17364:241081:N:0:1;size=2;	882bcbeccf43f6ad24cd4dddc65e79df5feeaa78;Bathycoccus	98.795	332	3	1	1	332	1	331	2.09e-169	590
M02215:3:000000000-B9JT7:1:1109:18211:259631:N:0:1;size=2;	5ae1341da7ed3b29f88201563c85b12b0112a65a;Minutocellus	100.000	313	0	0	1	313	1	313	4.75e-166	579
M02215:3:000000000-B9JT7:1:1109:20600:65701:N:0:1;size=2;	d92752cfdd8fd1a32b49db69adb3e1e7a3b4e8cc;Cyclotella	99.681	313	1	0	1	313	1	313	2.21e-164	573
M02215:3:000000000-B9JT7:1:1109:22614:271911:N:0:1;size=2;	b264612d43af5a13d95043e41b1ea19da2844fb9;Centropages	100.000	313	0	0	1	313	1	313	4.75e-166	579
M02215:3:000000000-B9JT7:1:1109:28281:112061:N:0:1;size=2;	b264612d43af5a13d95043e41b1ea19da2844fb9;Centropages	100.000	313	0	0	1	313	1	313	4.61e-166	579
M02215:3:000000000-B9JT7:1:1110:19310:99511:N:0:1;size=4;	b14e192ef4db4138ef5da5fa073aee9196146841;Capitellidae	99.681	313	1	0	1	313	1	313	2.21e-164	573
M02215:3:000000000-B9JT7:1:1110:20771:275471:N:0:1;size=2;	d92752cfdd8fd1a32b49db69adb3e1e7a3b4e8cc;Cyclotella	99.361	313	2	0	1	313	1	313	1.03e-162	568
M02215:3:000000000-B9JT7:1:1110:23914:188751:N:0:1;size=2;	74bd536a982117e99a75e40240e0e3b1b1f81a5c;Triparma	100.000	313	0	0	1	313	1	313	4.75e-166	579
M02215:3:000000000-B9JT7:1:1110:24959:255781:N:0:1;size=2;	e02f30938c4249055fbb9bb66e41202a1e18fce8;Capitellidae	99.679	312	1	0	1	312	1	312	7.93e-164	571
M02215:3:000000000-B9JT7:1:1110:26566:178421:N:0:1;size=4;	b14e192ef4db4138ef5da5fa073aee9196146841;Capitellidae	100.000	313	0	0	1	313	1	313	4.53e-166	579
M02215:3:000000000-B9JT7:1:1110:27112:96861:N:0:1;size=2;	a64ab751b69ad1c2dc45814951dd0b3fce5c88aa;Micromonas	100.000	313	0	0	1	313	1	313	4.75e-166	579
M02215:3:000000000-B9JT7:1:1110:4496:197571:N:0:1;size=2;	a64ab751b69ad1c2dc45814951dd0b3fce5c88aa;Micromonas	100.000	313	0	0	1	313	1	313	4.75e-166	579
M02215:3:000000000-B9JT7:1:1110:7465:104011:N:0:1;size=2;	e02f30938c4249055fbb9bb66e41202a1e18fce8;Capitellidae	100.000	312	0	0	1	312	1	312	1.70e-165	577
M02215:3:000000000-B9JT7:1:1110:9923:126751:N:0:1;size=2;	e02f30938c4249055fbb9bb66e41202a1e18fce8;Capitellidae	99.679	312	1	0	1	312	1	312	7.93e-164	571
M02215:3:000000000-B9JT7:1:1111:13074:194021:N:0:1;size=2;	b264612d43af5a13d95043e41b1ea19da2844fb9;Centropages	100.000	313	0	0	1	313	1	313	4.48e-166	579
M02215:3:000000000-B9JT7:1:1111:15403:197991:N:0:1;size=2;	a68693b3043b9d50a8c7e70db541da55c9a7d24d;Pseudocalanus	99.681	313	1	0	1	313	1	313	2.21e-164	573
M02215:3:000000000-B9JT7:1:1111:17011:98141:N:0:1;size=2;	a68693b3043b9d50a8c7e70db541da55c9a7d24d;Pseudocalanus	99.361	313	2	0	1	313	1	313	1.03e-162	568
M02215:3:000000000-B9JT7:1:1111:18972:97961:N:0:1;size=2;	74bd536a982117e99a75e40240e0e3b1b1f81a5c;Triparma	100.000	313	0	0	1	313	1	313	4.58e-166	579
M02215:3:000000000-B9JT7:1:1111:20001:146831:N:0:1;size=2;	d92752cfdd8fd1a32b49db69adb3e1e7a3b4e8cc;Cyclotella	99.681	313	1	0	1	313	1	313	2.21e-164	573
M02215:3:000000000-B9JT7:1:1111:20234:85991:N:0:1;size=2;	a64ab751b69ad1c2dc45814951dd0b3fce5c88aa;Micromonas	100.000	313	0	0	1	313	1	313	4.67e-166	579
M02215:3:000000000-B9JT7:1:1111:21475:142041:N:0:1;size=2;	e02f30938c4249055fbb9bb66e41202a1e18fce8;Capitellidae	100.000	312	0	0	1	312	1	312	1.70e-165	577
M02215:3:000000000-B9JT7:1:1111:23199:232671:N:0:1;size=2;	b264612d43af5a13d95043e41b1ea19da2844fb9;Centropages	100.000	313	0	0	1	313	1	313	4.75e-166	579
M02215:3:000000000-B9JT7:1:1111:26283:229601:N:0:1;size=2;	4cd74ea4e95a872c0c86017026f9eef34f332f2a;Semibalanus	99.681	313	1	0	1	313	1	313	2.21e-164	573
M02215:3:000000000-B9JT7:1:1111:29305:138081:N:0:1;size=2;	a64ab751b69ad1c2dc45814951dd0b3fce5c88aa;Micromonas	100.000	313	0	0	1	313	1	313	4.61e-166	579
M02215:3:000000000-B9JT7:1:1111:4300:156421:N:0:1;size=2;	d92752cfdd8fd1a32b49db69adb3e1e7a3b4e8cc;Cyclotella	99.681	313	1	0	1	313	1	313	2.21e-164	573
M02215:3:000000000-B9JT7:1:1111:7242:212541:N:0:1;size=2;	4cd74ea4e95a872c0c86017026f9eef34f332f2a;Semibalanus	99.681	313	1	0	1	313	1	313	2.21e-164	573
M02215:3:000000000-B9JT7:1:1112:10292:84741:N:0:1;size=2;	12b98cb34776b20c1af3092b34deaa79d36c190a;Maculaura	99.684	316	1	0	1	316	1	316	4.80e-166	579
M02215:3:000000000-B9JT7:1:1112:12666:196531:N:0:1;size=2;	5ae1341da7ed3b29f88201563c85b12b0112a65a;Minutocellus	100.000	313	0	0	1	313	1	313	4.75e-166	579
M02215:3:000000000-B9JT7:1:1112:13691:234841:N:0:1;size=2;	74bd536a982117e99a75e40240e0e3b1b1f81a5c;Triparma	100.000	313	0	0	1	313	1	313	4.71e-166	579
M02215:3:000000000-B9JT7:1:1112:15654:248681:N:0:1;size=2;	ecbcc3bd709776326a720729ad74c020c160aa3a;Chlorella	100.000	313	0	0	1	313	1	313	4.67e-166	579
M02215:3:000000000-B9JT7:1:1112:16238:272371:N:0:1;size=2;	e02f30938c4249055fbb9bb66e41202a1e18fce8;Capitellidae	99.679	312	1	0	1	312	1	312	7.66e-164	571
M02215:3:000000000-B9JT7:1:1112:17449:130071:N:0:1;size=2;	4cd74ea4e95a872c0c86017026f9eef34f332f2a;Semibalanus	99.681	313	1	0	1	313	1	313	2.21e-164	573
M02215:3:000000000-B9JT7:1:1112:18230:121031:N:0:1;size=2;	e02f30938c4249055fbb9bb66e41202a1e18fce8;Capitellidae	100.000	312	0	0	1	312	1	312	1.70e-165	577
M02215:3:000000000-B9JT7:1:1112:18429:140851:N:0:1;size=2;	e02f30938c4249055fbb9bb66e41202a1e18fce8;Capitellidae	100.000	312	0	0	1	312	1	312	1.70e-165	577
M02215:3:000000000-B9JT7:1:1112:19497:118921:N:0:1;size=2;	4cd74ea4e95a872c0c86017026f9eef34f332f2a;Semibalanus	99.681	313	1	0	1	313	1	313	2.21e-164	573
M02215:3:000000000-B9JT7:1:1112:19785:46641:N:0:1;size=2;	a68693b3043b9d50a8c7e70db541da55c9a7d24d;Pseudocalanus	99.681	313	1	0	1	313	1	313	2.21e-164	573
M02215:3:000000000-B9JT7:1:1112:20520:49191:N:0:1;size=2;	b14e192ef4db4138ef5da5fa073aee9196146841;Capitellidae	100.000	313	0	0	1	313	1	313	4.75e-166	579
M02215:3:000000000-B9JT7:1:1112:20757:280871:N:0:1;size=2;	882bcbeccf43f6ad24cd4dddc65e79df5feeaa78;Bathycoccus	97.196	321	8	1	16	336	17	336	6.16e-155	542
M02215:3:000000000-B9JT7:1:1112:23696:210691:N:0:1;size=2;	b14e192ef4db4138ef5da5fa073aee9196146841;Capitellidae	99.681	313	1	0	1	313	1	313	2.21e-164	573
M02215:3:000000000-B9JT7:1:1112:3530:115391:N:0:1;size=2;	a64ab751b69ad1c2dc45814951dd0b3fce5c88aa;Micromonas	100.000	312	0	0	2	313	2	313	1.71e-165	577
M02215:3:000000000-B9JT7:1:1112:8841:206351:N:0:1;size=2;	a68693b3043b9d50a8c7e70db541da55c9a7d24d;Pseudocalanus	99.681	313	1	0	1	313	1	313	2.15e-164	573
M02215:3:000000000-B9JT7:1:1113:10006:249161:N:0:1;size=2;	74bd536a982117e99a75e40240e0e3b1b1f81a5c;Triparma	100.000	313	0	0	1	313	1	313	4.30e-166	579
M02215:3:000000000-B9JT7:1:1113:11170:59701:N:0:1;size=2;	b1a34b52e9dbe50cc0e7728a1c7595dcf1351f25;Littorina	100.000	313	0	0	1	313	1	313	4.75e-166	579
M02215:3:000000000-B9JT7:1:1113:12236:126151:N:0:1;size=2;	d92752cfdd8fd1a32b49db69adb3e1e7a3b4e8cc;Cyclotella	99.681	313	1	0	1	313	1	313	2.08e-164	573
M02215:3:000000000-B9JT7:1:1113:13393:247511:N:0:1;size=2;	4cd74ea4e95a872c0c86017026f9eef34f332f2a;Semibalanus	99.681	313	1	0	1	313	1	313	2.21e-164	573
M02215:3:000000000-B9JT7:1:1113:16223:38831:N:0:1;size=2;	ecbcc3bd709776326a720729ad74c020c160aa3a;Chlorella	100.000	313	0	0	1	313	1	313	4.75e-166	579
M02215:3:000000000-B9JT7:1:1113:17404:131871:N:0:1;size=2;	d92752cfdd8fd1a32b49db69adb3e1e7a3b4e8cc;Cyclotella	99.681	313	1	0	1	313	1	313	2.17e-164	573
M02215:3:000000000-B9JT7:1:1113:18489:27481:N:0:1;size=2;	a64ab751b69ad1c2dc45814951dd0b3fce5c88aa;Micromonas	100.000	312	0	0	2	313	2	313	1.71e-165	577
M02215:3:000000000-B9JT7:1:1113:21553:263271:N:0:1;size=2;	4cd74ea4e95a872c0c86017026f9eef34f332f2a;Semibalanus	99.681	313	1	0	1	313	1	313	2.21e-164	573
M02215:3:000000000-B9JT7:1:1113:25045:198961:N:0:1;size=2;	a68693b3043b9d50a8c7e70db541da55c9a7d24d;Pseudocalanus	99.361	313	2	0	1	313	1	313	1.03e-162	568
M02215:3:000000000-B9JT7:1:1113:3384:129301:N:0:1;size=2;	d92752cfdd8fd1a32b49db69adb3e1e7a3b4e8cc;Cyclotella	99.681	313	1	0	1	313	1	313	2.21e-164	573
M02215:3:000000000-B9JT7:1:1113:5548:154761:N:0:1;size=2;	74bd536a982117e99a75e40240e0e3b1b1f81a5c;Triparma	100.000	313	0	0	1	313	1	313	4.75e-166	579
M02215:3:000000000-B9JT7:1:1113:7039:147551:N:0:1;size=2;	74bd536a982117e99a75e40240e0e3b1b1f81a5c;Triparma	100.000	313	0	0	1	313	1	313	4.75e-166	579
M02215:3:000000000-B9JT7:1:1113:8354:89991:N:0:1;size=2;	b1a34b52e9dbe50cc0e7728a1c7595dcf1351f25;Littorina	100.000	313	0	0	1	313	1	313	4.67e-166	579
M02215:3:000000000-B9JT7:1:1114:10193:173841:N:0:1;size=2;	5ae1341da7ed3b29f88201563c85b12b0112a65a;Minutocellus	100.000	313	0	0	1	313	1	313	4.46e-166	579
M02215:3:000000000-B9JT7:1:1114:12807:146241:N:0:1;size=2;	74bd536a982117e99a75e40240e0e3b1b1f81a5c;Triparma	100.000	313	0	0	1	313	1	313	4.75e-166	579
M02215:3:000000000-B9JT7:1:1114:13659:95331:N:0:1;size=2;	b14e192ef4db4138ef5da5fa073aee9196146841;Capitellidae	100.000	313	0	0	1	313	1	313	4.62e-166	579
M02215:3:000000000-B9JT7:1:1114:14486:261711:N:0:1;size=2;	b264612d43af5a13d95043e41b1ea19da2844fb9;Centropages	100.000	313	0	0	1	313	1	313	4.67e-166	579
M02215:3:000000000-B9JT7:1:1114:17160:175751:N:0:1;size=2;	e02f30938c4249055fbb9bb66e41202a1e18fce8;Capitellidae	99.679	312	1	0	1	312	1	312	7.93e-164	571
M02215:3:000000000-B9JT7:1:1114:17401:45631:N:0:1;size=2;	d92752cfdd8fd1a32b49db69adb3e1e7a3b4e8cc;Cyclotella	99.361	313	2	0	1	313	1	313	1.03e-162	568
M02215:3:000000000-B9JT7:1:1114:17751:76101:N:0:1;size=2;	a68693b3043b9d50a8c7e70db541da55c9a7d24d;Pseudocalanus	99.679	312	1	0	1	312	1	312	7.95e-164	571
M02215:3:000000000-B9JT7:1:1114:21131:26831:N:0:1;size=2;	4cd74ea4e95a872c0c86017026f9eef34f332f2a;Semibalanus	99.681	313	1	0	1	313	1	313	2.21e-164	573
M02215:3:000000000-B9JT7:1:1114:21648:78561:N:0:1;size=2;	a64ab751b69ad1c2dc45814951dd0b3fce5c88aa;Micromonas	100.000	313	0	0	1	313	1	313	4.75e-166	579
M02215:3:000000000-B9JT7:1:1114:21734:156911:N:0:1;size=2;	a64ab751b69ad1c2dc45814951dd0b3fce5c88aa;Micromonas	100.000	313	0	0	1	313	1	313	4.59e-166	579
M02215:3:000000000-B9JT7:1:1114:23242:58671:N:0:1;size=2;	b14e192ef4db4138ef5da5fa073aee9196146841;Capitellidae	99.681	313	1	0	1	313	1	313	2.21e-164	573
M02215:3:000000000-B9JT7:1:1114:3859:96191:N:0:1;size=2;	a64ab751b69ad1c2dc45814951dd0b3fce5c88aa;Micromonas	100.000	313	0	0	1	313	1	313	4.75e-166	579
M02215:3:000000000-B9JT7:1:1114:4963:135601:N:0:1;size=2;	b14e192ef4db4138ef5da5fa073aee9196146841;Capitellidae	99.681	313	1	0	1	313	1	313	2.21e-164	573
M02215:3:000000000-B9JT7:1:1114:6505:220851:N:0:1;size=2;	14e21ec9b37d5162dc34cd67d5d5b38e896ff4af;Bathycoccus	100.000	313	0	0	1	313	1	313	4.75e-166	579
M02215:3:000000000-B9JT7:1:1114:7259:237481:N:0:1;size=2;	82a205f3daa68291bd588729164809bef0b97a45;Nereis	99.662	296	1	0	1	296	1	296	5.84e-155	542
M02215:3:000000000-B9JT7:1:2101:14514:110321:N:0:1;size=2;	74bd536a982117e99a75e40240e0e3b1b1f81a5c;Triparma	100.000	313	0	0	1	313	1	313	4.75e-166	579
M02215:3:000000000-B9JT7:1:2101:16385:123651:N:0:1;size=2;	e02f30938c4249055fbb9bb66e41202a1e18fce8;Capitellidae	100.000	312	0	0	1	312	1	312	1.70e-165	577
M02215:3:000000000-B9JT7:1:2101:19800:98671:N:0:1;size=2;	a64ab751b69ad1c2dc45814951dd0b3fce5c88aa;Micromonas	100.000	313	0	0	1	313	1	313	4.53e-166	579
M02215:3:000000000-B9JT7:1:2101:20413:190921:N:0:1;size=2;	4cd74ea4e95a872c0c86017026f9eef34f332f2a;Semibalanus	99.681	313	1	0	1	313	1	313	2.21e-164	573
M02215:3:000000000-B9JT7:1:2101:23147:171141:N:0:1;size=2;	b264612d43af5a13d95043e41b1ea19da2844fb9;Centropages	100.000	313	0	0	1	313	1	313	4.75e-166	579
M02215:3:000000000-B9JT7:1:2101:6808:131241:N:0:1;size=2;	a64ab751b69ad1c2dc45814951dd0b3fce5c88aa;Micromonas	100.000	313	0	0	1	313	1	313	4.69e-166	579
M02215:3:000000000-B9JT7:1:2102:13409:260211:N:0:1;size=2;	cc641d3be8658bf309461ade2f85466110d635ba;bacterium	100.000	313	0	0	1	313	1	313	4.75e-166	579
M02215:3:000000000-B9JT7:1:2102:15179:96871:N:0:1;size=2;	d92752cfdd8fd1a32b49db69adb3e1e7a3b4e8cc;Cyclotella	99.361	313	2	0	1	313	1	313	1.02e-162	568
M02215:3:000000000-B9JT7:1:2102:20793:69141:N:0:1;size=2;	e02f30938c4249055fbb9bb66e41202a1e18fce8;Capitellidae	100.000	312	0	0	1	312	1	312	1.70e-165	577
M02215:3:000000000-B9JT7:1:2102:21702:26971:N:0:1;size=2;	a64ab751b69ad1c2dc45814951dd0b3fce5c88aa;Micromonas	100.000	312	0	0	2	313	2	313	1.71e-165	577
M02215:3:000000000-B9JT7:1:2103:10044:70301:N:0:1;size=2;	74bd536a982117e99a75e40240e0e3b1b1f81a5c;Triparma	100.000	313	0	0	1	313	1	313	4.75e-166	579
M02215:3:000000000-B9JT7:1:2103:12071:104791:N:0:1;size=2;	d92752cfdd8fd1a32b49db69adb3e1e7a3b4e8cc;Cyclotella	99.681	313	1	0	1	313	1	313	2.21e-164	573
M02215:3:000000000-B9JT7:1:2103:13378:63331:N:0:1;size=2;	b14e192ef4db4138ef5da5fa073aee9196146841;Capitellidae	99.681	313	1	0	1	313	1	313	2.21e-164	573
M02215:3:000000000-B9JT7:1:2103:13644:48821:N:0:1;size=2;	e02f30938c4249055fbb9bb66e41202a1e18fce8;Capitellidae	100.000	312	0	0	1	312	1	312	1.70e-165	577
M02215:3:000000000-B9JT7:1:2103:14810:178201:N:0:1;size=2;	4cd74ea4e95a872c0c86017026f9eef34f332f2a;Semibalanus	99.681	313	1	0	1	313	1	313	2.21e-164	573
M02215:3:000000000-B9JT7:1:2103:15179:192481:N:0:1;size=2;	a64ab751b69ad1c2dc45814951dd0b3fce5c88aa;Micromonas	100.000	313	0	0	1	313	1	313	4.75e-166	579
M02215:3:000000000-B9JT7:1:2103:17770:82031:N:0:1;size=2;	ecbcc3bd709776326a720729ad74c020c160aa3a;Chlorella	100.000	313	0	0	1	313	1	313	4.75e-166	579
M02215:3:000000000-B9JT7:1:2103:21063:193141:N:0:1;size=2;	882bcbeccf43f6ad24cd4dddc65e79df5feeaa78;Bathycoccus	99.107	336	3	0	1	336	1	336	7.84e-174	604
M02215:3:000000000-B9JT7:1:2103:21541:169171:N:0:1;size=2;	b264612d43af5a13d95043e41b1ea19da2844fb9;Centropages	100.000	313	0	0	1	313	1	313	4.75e-166	579
M02215:3:000000000-B9JT7:1:2103:6431:154711:N:0:1;size=2;	12b98cb34776b20c1af3092b34deaa79d36c190a;Maculaura	99.684	316	1	0	1	316	1	316	4.80e-166	579
M02215:3:000000000-B9JT7:1:2103:7235:102311:N:0:1;size=2;	6f98e637735b187cd156c79b8f022a0bc63d5fc5;Micromonas	100.000	313	0	0	1	313	1	313	4.75e-166	579
M02215:3:000000000-B9JT7:1:2103:7571:141911:N:0:1;size=2;	d92752cfdd8fd1a32b49db69adb3e1e7a3b4e8cc;Cyclotella	99.361	313	2	0	1	313	1	313	1.03e-162	568
M02215:3:000000000-B9JT7:1:2104:17687:119121:N:0:1;size=2;	4cd74ea4e95a872c0c86017026f9eef34f332f2a;Semibalanus	99.681	313	1	0	1	313	1	313	2.21e-164	573
M02215:3:000000000-B9JT7:1:2104:20353:208931:N:0:1;size=2;	e02f30938c4249055fbb9bb66e41202a1e18fce8;Capitellidae	100.000	312	0	0	1	312	1	312	1.59e-165	577
M02215:3:000000000-B9JT7:1:2104:22327:256791:N:0:1;size=2;	b14e192ef4db4138ef5da5fa073aee9196146841;Capitellidae	100.000	313	0	0	1	313	1	313	4.75e-166	579
M02215:3:000000000-B9JT7:1:2104:4924:69971:N:0:1;size=2;	a68693b3043b9d50a8c7e70db541da55c9a7d24d;Pseudocalanus	99.681	313	1	0	1	313	1	313	2.21e-164	573
M02215:3:000000000-B9JT7:1:2104:7872:142451:N:0:1;size=2;	b14e192ef4db4138ef5da5fa073aee9196146841;Capitellidae	99.681	313	1	0	1	313	1	313	2.21e-164	573
M02215:3:000000000-B9JT7:1:2105:10265:180891:N:0:1;size=2;	74bd536a982117e99a75e40240e0e3b1b1f81a5c;Triparma	100.000	313	0	0	1	313	1	313	4.58e-166	579
M02215:3:000000000-B9JT7:1:2105:10630:149701:N:0:1;size=2;	a64ab751b69ad1c2dc45814951dd0b3fce5c88aa;Micromonas	100.000	312	0	0	2	313	2	313	1.71e-165	577
M02215:3:000000000-B9JT7:1:2105:19075:62531:N:0:1;size=2;	b14e192ef4db4138ef5da5fa073aee9196146841;Capitellidae	100.000	313	0	0	1	313	1	313	4.75e-166	579
M02215:3:000000000-B9JT7:1:2105:26124:176871:N:0:1;size=2;	4cd74ea4e95a872c0c86017026f9eef34f332f2a;Semibalanus	99.681	313	1	0	1	313	1	313	2.21e-164	573
M02215:3:000000000-B9JT7:1:2105:7777:192441:N:0:1;size=2;	b264612d43af5a13d95043e41b1ea19da2844fb9;Centropages	100.000	313	0	0	1	313	1	313	4.75e-166	579
M02215:3:000000000-B9JT7:1:2106:13462:255071:N:0:1;size=2;	4cd74ea4e95a872c0c86017026f9eef34f332f2a;Semibalanus	99.681	313	1	0	1	313	1	313	2.21e-164	573
M02215:3:000000000-B9JT7:1:2106:15503:166941:N:0:1;size=2;	74bd536a982117e99a75e40240e0e3b1b1f81a5c;Triparma	100.000	313	0	0	1	313	1	313	4.75e-166	579
M02215:3:000000000-B9JT7:1:2106:23604:214061:N:0:1;size=2;	a68693b3043b9d50a8c7e70db541da55c9a7d24d;Pseudocalanus	99.361	313	2	0	1	313	1	313	1.03e-162	568
M02215:3:000000000-B9JT7:1:2106:26691:191281:N:0:1;size=2;	a64ab751b69ad1c2dc45814951dd0b3fce5c88aa;Micromonas	100.000	313	0	0	1	313	1	313	4.67e-166	579
M02215:3:000000000-B9JT7:1:2107:10164:123051:N:0:1;size=2;	4cd74ea4e95a872c0c86017026f9eef34f332f2a;Semibalanus	99.681	313	1	0	1	313	1	313	2.21e-164	573
M02215:3:000000000-B9JT7:1:2107:19434:108011:N:0:1;size=2;	b264612d43af5a13d95043e41b1ea19da2844fb9;Centropages	99.681	313	1	0	1	313	1	313	2.21e-164	573
M02215:3:000000000-B9JT7:1:2107:25331:194421:N:0:1;size=2;	a68693b3043b9d50a8c7e70db541da55c9a7d24d;Pseudocalanus	99.361	313	2	0	1	313	1	313	9.69e-163	568
M02215:3:000000000-B9JT7:1:2107:7527:73841:N:0:1;size=2;	e02f30938c4249055fbb9bb66e41202a1e18fce8;Capitellidae	100.000	312	0	0	1	312	1	312	1.70e-165	577
M02215:3:000000000-B9JT7:1:2107:9744:28761:N:0:1;size=2;	b14e192ef4db4138ef5da5fa073aee9196146841;Capitellidae	100.000	313	0	0	1	313	1	313	4.75e-166	579
M02215:3:000000000-B9JT7:1:2108:15875:183281:N:0:1;size=2;	b14e192ef4db4138ef5da5fa073aee9196146841;Capitellidae	100.000	313	0	0	1	313	1	313	4.75e-166	579
M02215:3:000000000-B9JT7:1:2108:7309:216731:N:0:1;size=2;	a64ab751b69ad1c2dc45814951dd0b3fce5c88aa;Micromonas	100.000	312	0	0	2	313	2	313	1.71e-165	577
M02215:3:000000000-B9JT7:1:2109:11348:178721:N:0:1;size=2;	a64ab751b69ad1c2dc45814951dd0b3fce5c88aa;Micromonas	100.000	313	0	0	1	313	1	313	4.75e-166	579
M02215:3:000000000-B9JT7:1:2109:11757:210291:N:0:1;size=2;	b264612d43af5a13d95043e41b1ea19da2844fb9;Centropages	99.681	313	1	0	1	313	1	313	2.21e-164	573
M02215:3:000000000-B9JT7:1:2109:13498:105911:N:0:1;size=2;	e02f30938c4249055fbb9bb66e41202a1e18fce8;Capitellidae	99.679	312	1	0	1	312	1	312	7.47e-164	571
M02215:3:000000000-B9JT7:1:2109:19239:251331:N:0:1;size=2;	e02f30938c4249055fbb9bb66e41202a1e18fce8;Capitellidae	100.000	312	0	0	1	312	1	312	1.70e-165	577
M02215:3:000000000-B9JT7:1:2109:3735:177941:N:0:1;size=2;	32162e451e12cdf5cf3628007e99b0efa1ba946b;Phaeocystis	100.000	313	0	0	1	313	1	313	4.74e-166	579
M02215:3:000000000-B9JT7:1:2109:4600:169601:N:0:1;size=2;	b57949f2759ef72fe986ab28e641f624ddef6661;Chordariaceae	100.000	313	0	0	1	313	1	313	4.75e-166	579
M02215:3:000000000-B9JT7:1:2109:8997:101361:N:0:1;size=2;	a64ab751b69ad1c2dc45814951dd0b3fce5c88aa;Micromonas	100.000	312	0	0	2	313	2	313	1.71e-165	577
M02215:3:000000000-B9JT7:1:2110:18593:124591:N:0:1;size=2;	74bd536a982117e99a75e40240e0e3b1b1f81a5c;Triparma	100.000	313	0	0	1	313	1	313	4.75e-166	579
M02215:3:000000000-B9JT7:1:2111:5003:133731:N:0:1;size=2;	b14e192ef4db4138ef5da5fa073aee9196146841;Capitellidae	100.000	313	0	0	1	313	1	313	4.75e-166	579
M02215:3:000000000-B9JT7:1:2112:14824:242391:N:0:1;size=2;	32162e451e12cdf5cf3628007e99b0efa1ba946b;Phaeocystis	100.000	313	0	0	1	313	1	313	4.75e-166	579
M02215:3:000000000-B9JT7:1:2112:24681:87901:N:0:1;size=2;	a68693b3043b9d50a8c7e70db541da55c9a7d24d;Pseudocalanus	99.681	313	1	0	1	313	1	313	2.21e-164	573
M02215:3:000000000-B9JT7:1:2113:11912:247541:N:0:1;size=2;	b264612d43af5a13d95043e41b1ea19da2844fb9;Centropages	100.000	313	0	0	1	313	1	313	4.75e-166	579
M02215:3:000000000-B9JT7:1:2113:19193:146601:N:0:1;size=2;	32162e451e12cdf5cf3628007e99b0efa1ba946b;Phaeocystis	100.000	313	0	0	1	313	1	313	4.75e-166	579
M02215:3:000000000-B9JT7:1:2113:23390:228441:N:0:1;size=2;	913bd86c3638ee2b616020e99a80420b229b822a;Phytophthora	100.000	313	0	0	1	313	1	313	4.75e-166	579
M02215:3:000000000-B9JT7:1:2113:9731:109331:N:0:1;size=2;	b264612d43af5a13d95043e41b1ea19da2844fb9;Centropages	100.000	313	0	0	1	313	1	313	4.68e-166	579
