M02215:3:000000000-B9JT7:1:1101:6320:123171:N:0:1;size=1111;	d92752cfdd8fd1a32b49db69adb3e1e7a3b4e8cc;Cyclotella	99.681	313	1	0	1	313	1	313	2.19e-164	573
M02215:3:000000000-B9JT7:1:1101:29196:147421:N:0:1;size=16143;	d92752cfdd8fd1a32b49db69adb3e1e7a3b4e8cc;Cyclotella	99.681	313	1	0	1	313	1	313	2.21e-164	573
M02215:3:000000000-B9JT7:1:1101:22331:39041:N:0:1;size=726;	d92752cfdd8fd1a32b49db69adb3e1e7a3b4e8cc;Cyclotella	99.681	313	1	0	1	313	1	313	2.08e-164	573
M02215:3:000000000-B9JT7:1:1101:8958:156051:N:0:1;size=361;	d92752cfdd8fd1a32b49db69adb3e1e7a3b4e8cc;Cyclotella	99.681	313	1	0	1	313	1	313	2.10e-164	573
M02215:3:000000000-B9JT7:1:1101:9677:146581:N:0:1;size=47;	d92752cfdd8fd1a32b49db69adb3e1e7a3b4e8cc;Cyclotella	99.681	313	1	0	1	313	1	313	2.06e-164	573
M02215:3:000000000-B9JT7:1:1101:18538:131251:N:0:1;size=4034;	882bcbeccf43f6ad24cd4dddc65e79df5feeaa78;Bathycoccus	98.235	340	6	0	1	340	1	340	4.72e-171	595
M02215:3:000000000-B9JT7:1:1102:14072:30951:N:0:1;size=51;	882bcbeccf43f6ad24cd4dddc65e79df5feeaa78;Bathycoccus	98.235	340	6	0	1	340	1	340	4.72e-171	595
M02215:3:000000000-B9JT7:1:1101:19168:128851:N:0:1;size=214;	882bcbeccf43f6ad24cd4dddc65e79df5feeaa78;Bathycoccus	98.235	340	6	0	1	340	1	340	4.68e-171	595
M02215:3:000000000-B9JT7:1:1101:15127:152711:N:0:1;size=165;	882bcbeccf43f6ad24cd4dddc65e79df5feeaa78;Bathycoccus	98.780	328	4	0	1	328	1	328	9.59e-168	584
M02215:3:000000000-B9JT7:1:1101:8568:44661:N:0:1;size=55;	882bcbeccf43f6ad24cd4dddc65e79df5feeaa78;Bathycoccus	100.000	318	0	0	1	318	1	318	7.37e-169	588
M02215:3:000000000-B9JT7:1:1103:20223:238441:N:0:1;size=49;	882bcbeccf43f6ad24cd4dddc65e79df5feeaa78;Bathycoccus	98.235	340	6	0	1	340	1	340	4.68e-171	595
M02215:3:000000000-B9JT7:1:1106:21823:119491:N:0:1;size=95;	882bcbeccf43f6ad24cd4dddc65e79df5feeaa78;Bathycoccus	99.091	330	3	0	1	330	1	330	1.61e-170	593
M02215:3:000000000-B9JT7:1:1104:10308:89691:N:0:1;size=39;	882bcbeccf43f6ad24cd4dddc65e79df5feeaa78;Bathycoccus	98.529	340	5	0	1	340	1	340	1.01e-172	601
M02215:3:000000000-B9JT7:1:1102:17831:102461:N:0:1;size=15;	882bcbeccf43f6ad24cd4dddc65e79df5feeaa78;Bathycoccus	97.941	340	7	0	1	340	1	340	2.20e-169	590
M02215:3:000000000-B9JT7:1:1103:7356:76421:N:0:1;size=130;	d92752cfdd8fd1a32b49db69adb3e1e7a3b4e8cc;Cyclotella	99.681	313	1	0	1	313	1	313	2.15e-164	573
M02215:3:000000000-B9JT7:1:1101:23705:119071:N:0:1;size=23;	882bcbeccf43f6ad24cd4dddc65e79df5feeaa78;Bathycoccus	97.941	340	7	0	1	340	1	340	2.20e-169	590
M02215:3:000000000-B9JT7:1:1101:27288:97941:N:0:1;size=18;	d92752cfdd8fd1a32b49db69adb3e1e7a3b4e8cc;Cyclotella	99.681	313	1	0	1	313	1	313	2.21e-164	573
M02215:3:000000000-B9JT7:1:1102:10374:35561:N:0:1;size=11;	d92752cfdd8fd1a32b49db69adb3e1e7a3b4e8cc;Cyclotella	99.681	313	1	0	1	313	1	313	2.21e-164	573
M02215:3:000000000-B9JT7:1:1101:9597:93551:N:0:1;size=10;	882bcbeccf43f6ad24cd4dddc65e79df5feeaa78;Bathycoccus	97.941	340	7	0	1	340	1	340	2.20e-169	590
M02215:3:000000000-B9JT7:1:1101:15852:134251:N:0:1;size=101;	d92752cfdd8fd1a32b49db69adb3e1e7a3b4e8cc;Cyclotella	99.681	313	1	0	1	313	1	313	2.12e-164	573
M02215:3:000000000-B9JT7:1:1101:21593:217081:N:0:1;size=55;	d92752cfdd8fd1a32b49db69adb3e1e7a3b4e8cc;Cyclotella	99.681	313	1	0	1	313	1	313	2.14e-164	573
M02215:3:000000000-B9JT7:1:1102:19085:86781:N:0:1;size=9;	882bcbeccf43f6ad24cd4dddc65e79df5feeaa78;Bathycoccus	98.235	340	6	0	1	340	1	340	4.72e-171	595
M02215:3:000000000-B9JT7:1:1103:29037:122461:N:0:1;size=9;	d92752cfdd8fd1a32b49db69adb3e1e7a3b4e8cc;Cyclotella	99.361	313	2	0	1	313	1	313	1.03e-162	568
M02215:3:000000000-B9JT7:1:1104:24302:63221:N:0:1;size=30;	d92752cfdd8fd1a32b49db69adb3e1e7a3b4e8cc;Cyclotella	99.681	313	1	0	1	313	1	313	2.16e-164	573
M02215:3:000000000-B9JT7:1:1101:5402:156721:N:0:1;size=8;	882bcbeccf43f6ad24cd4dddc65e79df5feeaa78;Bathycoccus	98.235	340	6	0	1	340	1	340	4.72e-171	595
M02215:3:000000000-B9JT7:1:1103:16373:160491:N:0:1;size=8;	882bcbeccf43f6ad24cd4dddc65e79df5feeaa78;Bathycoccus	98.795	332	3	1	1	332	1	331	2.20e-169	590
M02215:3:000000000-B9JT7:1:1103:26355:183381:N:0:1;size=7;	d92752cfdd8fd1a32b49db69adb3e1e7a3b4e8cc;Cyclotella	99.681	313	1	0	1	313	1	313	2.18e-164	573
M02215:3:000000000-B9JT7:1:1104:25183:86741:N:0:1;size=7;	d92752cfdd8fd1a32b49db69adb3e1e7a3b4e8cc;Cyclotella	99.361	313	2	0	1	313	1	313	1.03e-162	568
M02215:3:000000000-B9JT7:1:1106:24907:202211:N:0:1;size=7;	882bcbeccf43f6ad24cd4dddc65e79df5feeaa78;Bathycoccus	98.529	340	5	0	1	340	1	340	1.01e-172	601
M02215:3:000000000-B9JT7:1:1103:13469:92841:N:0:1;size=6;	882bcbeccf43f6ad24cd4dddc65e79df5feeaa78;Bathycoccus	98.529	340	5	0	1	340	1	340	1.01e-172	601
M02215:3:000000000-B9JT7:1:1104:12866:129501:N:0:1;size=81;	a64ab751b69ad1c2dc45814951dd0b3fce5c88aa;Micromonas	100.000	313	0	0	1	313	1	313	4.75e-166	579
M02215:3:000000000-B9JT7:1:1104:16177:146251:N:0:1;size=6;	882bcbeccf43f6ad24cd4dddc65e79df5feeaa78;Bathycoccus	98.235	340	6	0	1	340	1	340	4.72e-171	595
M02215:3:000000000-B9JT7:1:1104:22326:88771:N:0:1;size=12;	882bcbeccf43f6ad24cd4dddc65e79df5feeaa78;Bathycoccus	98.795	332	3	1	1	332	1	331	2.20e-169	590
M02215:3:000000000-B9JT7:1:1105:4889:189111:N:0:1;size=21;	882bcbeccf43f6ad24cd4dddc65e79df5feeaa78;Bathycoccus	98.788	330	4	0	1	330	1	330	7.68e-169	588
M02215:3:000000000-B9JT7:1:1108:7243:190961:N:0:1;size=29;	882bcbeccf43f6ad24cd4dddc65e79df5feeaa78;Bathycoccus	98.507	335	5	0	1	335	1	335	5.86e-170	592
M02215:3:000000000-B9JT7:1:1101:8262:243121:N:0:1;size=31;	d92752cfdd8fd1a32b49db69adb3e1e7a3b4e8cc;Cyclotella	99.681	313	1	0	1	313	1	313	2.00e-164	573
M02215:3:000000000-B9JT7:1:1103:15602:278911:N:0:1;size=5;	d92752cfdd8fd1a32b49db69adb3e1e7a3b4e8cc;Cyclotella	99.681	313	1	0	1	313	1	313	2.21e-164	573
M02215:3:000000000-B9JT7:1:1105:7225:183231:N:0:1;size=5;	882bcbeccf43f6ad24cd4dddc65e79df5feeaa78;Bathycoccus	99.096	332	2	1	1	332	1	331	4.72e-171	595
M02215:3:000000000-B9JT7:1:1108:2293:131371:N:0:1;size=20;	882bcbeccf43f6ad24cd4dddc65e79df5feeaa78;Bathycoccus	98.512	336	5	0	1	336	1	336	1.64e-170	593
M02215:3:000000000-B9JT7:1:1101:14945:191031:N:0:1;size=4;	882bcbeccf43f6ad24cd4dddc65e79df5feeaa78;Bathycoccus	98.529	340	5	0	1	340	1	340	1.01e-172	601
M02215:3:000000000-B9JT7:1:1101:9231:91041:N:0:1;size=4;	d92752cfdd8fd1a32b49db69adb3e1e7a3b4e8cc;Cyclotella	99.361	313	2	0	1	313	1	313	1.03e-162	568
M02215:3:000000000-B9JT7:1:1103:16457:133941:N:0:1;size=6;	a64ab751b69ad1c2dc45814951dd0b3fce5c88aa;Micromonas	100.000	313	0	0	1	313	1	313	4.75e-166	579
M02215:3:000000000-B9JT7:1:1103:19662:253921:N:0:1;size=9;	882bcbeccf43f6ad24cd4dddc65e79df5feeaa78;Bathycoccus	100.000	315	0	0	1	315	1	315	3.40e-167	582
M02215:3:000000000-B9JT7:1:1104:25928:233741:N:0:1;size=4;	d92752cfdd8fd1a32b49db69adb3e1e7a3b4e8cc;Cyclotella	99.681	313	1	0	1	313	1	313	2.21e-164	573
M02215:3:000000000-B9JT7:1:1104:9247:71931:N:0:1;size=4;	d92752cfdd8fd1a32b49db69adb3e1e7a3b4e8cc;Cyclotella	99.681	313	1	0	1	313	1	313	2.12e-164	573
M02215:3:000000000-B9JT7:1:1106:16795:157611:N:0:1;size=4;	d92752cfdd8fd1a32b49db69adb3e1e7a3b4e8cc;Cyclotella	99.681	313	1	0	1	313	1	313	2.21e-164	573
M02215:3:000000000-B9JT7:1:1107:25896:238011:N:0:1;size=4;	d92752cfdd8fd1a32b49db69adb3e1e7a3b4e8cc;Cyclotella	99.361	313	2	0	1	313	1	313	1.03e-162	568
M02215:3:000000000-B9JT7:1:1108:14069:281681:N:0:1;size=15;	a64ab751b69ad1c2dc45814951dd0b3fce5c88aa;Micromonas	100.000	313	0	0	1	313	1	313	4.71e-166	579
M02215:3:000000000-B9JT7:1:1108:4174:221531:N:0:1;size=4;	d92752cfdd8fd1a32b49db69adb3e1e7a3b4e8cc;Cyclotella	99.361	313	2	0	1	313	1	313	1.03e-162	568
M02215:3:000000000-B9JT7:1:1111:14967:187591:N:0:1;size=7;	882bcbeccf43f6ad24cd4dddc65e79df5feeaa78;Bathycoccus	100.000	316	0	0	1	316	1	316	9.22e-168	584
M02215:3:000000000-B9JT7:1:1101:11772:33641:N:0:1;size=3;	882bcbeccf43f6ad24cd4dddc65e79df5feeaa78;Bathycoccus	100.000	324	0	0	1	324	1	324	3.41e-172	599
M02215:3:000000000-B9JT7:1:1101:24468:240011:N:0:1;size=3;	882bcbeccf43f6ad24cd4dddc65e79df5feeaa78;Bathycoccus	98.235	340	6	0	1	340	1	340	4.72e-171	595
M02215:3:000000000-B9JT7:1:1101:7508:151171:N:0:1;size=3;	a64ab751b69ad1c2dc45814951dd0b3fce5c88aa;Micromonas	100.000	313	0	0	1	313	1	313	4.75e-166	579
M02215:3:000000000-B9JT7:1:1101:8294:112091:N:0:1;size=3;	a64ab751b69ad1c2dc45814951dd0b3fce5c88aa;Micromonas	100.000	313	0	0	1	313	1	313	4.75e-166	579
M02215:3:000000000-B9JT7:1:1101:9415:255161:N:0:1;size=3;	882bcbeccf43f6ad24cd4dddc65e79df5feeaa78;Bathycoccus	98.824	340	4	0	1	340	1	340	2.18e-174	606
M02215:3:000000000-B9JT7:1:1102:10112:114731:N:0:1;size=3;	882bcbeccf43f6ad24cd4dddc65e79df5feeaa78;Bathycoccus	98.494	332	4	1	1	332	1	331	1.02e-167	584
M02215:3:000000000-B9JT7:1:1102:22202:225401:N:0:1;size=3;	d92752cfdd8fd1a32b49db69adb3e1e7a3b4e8cc;Cyclotella	99.681	313	1	0	1	313	1	313	2.14e-164	573
M02215:3:000000000-B9JT7:1:1102:23823:122071:N:0:1;size=3;	d92752cfdd8fd1a32b49db69adb3e1e7a3b4e8cc;Cyclotella	99.361	313	2	0	1	313	1	313	1.03e-162	568
M02215:3:000000000-B9JT7:1:1102:24997:83251:N:0:1;size=5;	a64ab751b69ad1c2dc45814951dd0b3fce5c88aa;Micromonas	100.000	313	0	0	1	313	1	313	4.75e-166	579
M02215:3:000000000-B9JT7:1:1103:18118:123701:N:0:1;size=3;	a64ab751b69ad1c2dc45814951dd0b3fce5c88aa;Micromonas	100.000	313	0	0	1	313	1	313	4.52e-166	579
M02215:3:000000000-B9JT7:1:1103:26150:60681:N:0:1;size=3;	d92752cfdd8fd1a32b49db69adb3e1e7a3b4e8cc;Cyclotella	99.681	313	1	0	1	313	1	313	2.21e-164	573
M02215:3:000000000-B9JT7:1:1104:17273:180531:N:0:1;size=3;	882bcbeccf43f6ad24cd4dddc65e79df5feeaa78;Bathycoccus	98.817	338	4	0	3	340	3	340	2.82e-173	603
M02215:3:000000000-B9JT7:1:1105:15820:93101:N:0:1;size=3;	d92752cfdd8fd1a32b49db69adb3e1e7a3b4e8cc;Cyclotella	99.681	313	1	0	1	313	1	313	2.21e-164	573
M02215:3:000000000-B9JT7:1:1106:19518:115621:N:0:1;size=3;	882bcbeccf43f6ad24cd4dddc65e79df5feeaa78;Bathycoccus	99.118	340	3	0	1	340	1	340	4.69e-176	612
M02215:3:000000000-B9JT7:1:1108:16116:155571:N:0:1;size=7;	a64ab751b69ad1c2dc45814951dd0b3fce5c88aa;Micromonas	100.000	313	0	0	1	313	1	313	4.75e-166	579
M02215:3:000000000-B9JT7:1:1109:2638:108451:N:0:1;size=3;	882bcbeccf43f6ad24cd4dddc65e79df5feeaa78;Bathycoccus	98.824	340	4	0	1	340	1	340	2.18e-174	606
M02215:3:000000000-B9JT7:1:1111:12042:132271:N:0:1;size=6;	882bcbeccf43f6ad24cd4dddc65e79df5feeaa78;Bathycoccus	98.529	340	5	0	1	340	1	340	9.93e-173	601
M02215:3:000000000-B9JT7:1:1111:16843:106981:N:0:1;size=3;	d92752cfdd8fd1a32b49db69adb3e1e7a3b4e8cc;Cyclotella	99.361	313	2	0	1	313	1	313	1.03e-162	568
M02215:3:000000000-B9JT7:1:1112:24138:67381:N:0:1;size=3;	882bcbeccf43f6ad24cd4dddc65e79df5feeaa78;Bathycoccus	97.941	340	7	0	1	340	1	340	2.20e-169	590
M02215:3:000000000-B9JT7:1:2101:3536:161291:N:0:1;size=3;	d92752cfdd8fd1a32b49db69adb3e1e7a3b4e8cc;Cyclotella	99.681	313	1	0	1	313	1	313	2.21e-164	573
M02215:3:000000000-B9JT7:1:2102:8886:210331:N:0:1;size=3;	a64ab751b69ad1c2dc45814951dd0b3fce5c88aa;Micromonas	100.000	313	0	0	1	313	1	313	4.75e-166	579
M02215:3:000000000-B9JT7:1:2104:12487:105971:N:0:1;size=3;	d92752cfdd8fd1a32b49db69adb3e1e7a3b4e8cc;Cyclotella	99.681	313	1	0	1	313	1	313	2.12e-164	573
M02215:3:000000000-B9JT7:1:2105:5373:203331:N:0:1;size=3;	882bcbeccf43f6ad24cd4dddc65e79df5feeaa78;Bathycoccus	98.529	340	5	0	1	340	1	340	1.01e-172	601
M02215:3:000000000-B9JT7:1:1101:10132:93861:N:0:1;size=2;	a64ab751b69ad1c2dc45814951dd0b3fce5c88aa;Micromonas	100.000	313	0	0	1	313	1	313	4.75e-166	579
M02215:3:000000000-B9JT7:1:1101:10418:168261:N:0:1;size=2;	a64ab751b69ad1c2dc45814951dd0b3fce5c88aa;Micromonas	100.000	313	0	0	1	313	1	313	4.75e-166	579
M02215:3:000000000-B9JT7:1:1101:13769:157871:N:0:1;size=2;	a64ab751b69ad1c2dc45814951dd0b3fce5c88aa;Micromonas	100.000	313	0	0	1	313	1	313	4.75e-166	579
M02215:3:000000000-B9JT7:1:1101:6471:70481:N:0:1;size=2;	d92752cfdd8fd1a32b49db69adb3e1e7a3b4e8cc;Cyclotella	99.681	313	1	0	1	313	1	313	2.21e-164	573
M02215:3:000000000-B9JT7:1:1102:12949:148801:N:0:1;size=2;	d92752cfdd8fd1a32b49db69adb3e1e7a3b4e8cc;Cyclotella	99.361	313	2	0	1	313	1	313	1.03e-162	568
M02215:3:000000000-B9JT7:1:1102:16253:146581:N:0:1;size=2;	a64ab751b69ad1c2dc45814951dd0b3fce5c88aa;Micromonas	100.000	313	0	0	1	313	1	313	4.75e-166	579
M02215:3:000000000-B9JT7:1:1102:19560:73981:N:0:1;size=2;	882bcbeccf43f6ad24cd4dddc65e79df5feeaa78;Bathycoccus	99.398	332	1	1	1	332	1	331	1.01e-172	601
M02215:3:000000000-B9JT7:1:1102:21695:201701:N:0:1;size=2;	a64ab751b69ad1c2dc45814951dd0b3fce5c88aa;Micromonas	100.000	313	0	0	1	313	1	313	4.75e-166	579
M02215:3:000000000-B9JT7:1:1102:29309:150271:N:0:1;size=2;	43cdd9bcff01e80713af243417de400f0b175a07;Dictyocha	100.000	313	0	0	1	313	1	313	4.75e-166	579
M02215:3:000000000-B9JT7:1:1102:7635:103791:N:0:1;size=2;	882bcbeccf43f6ad24cd4dddc65e79df5feeaa78;Bathycoccus	99.107	336	3	0	1	336	1	336	7.58e-174	604
M02215:3:000000000-B9JT7:1:1103:14799:31261:N:0:1;size=2;	a68693b3043b9d50a8c7e70db541da55c9a7d24d;Pseudocalanus	99.681	313	1	0	1	313	1	313	2.21e-164	573
M02215:3:000000000-B9JT7:1:1103:14854:93471:N:0:1;size=2;	a64ab751b69ad1c2dc45814951dd0b3fce5c88aa;Micromonas	100.000	313	0	0	1	313	1	313	4.75e-166	579
M02215:3:000000000-B9JT7:1:1103:19195:208311:N:0:1;size=2;	43cdd9bcff01e80713af243417de400f0b175a07;Dictyocha	100.000	313	0	0	1	313	1	313	4.75e-166	579
M02215:3:000000000-B9JT7:1:1103:21881:201121:N:0:1;size=2;	a64ab751b69ad1c2dc45814951dd0b3fce5c88aa;Micromonas	100.000	313	0	0	1	313	1	313	4.75e-166	579
M02215:3:000000000-B9JT7:1:1103:23636:111501:N:0:1;size=2;	882bcbeccf43f6ad24cd4dddc65e79df5feeaa78;Bathycoccus	98.529	340	5	0	1	340	1	340	1.01e-172	601
M02215:3:000000000-B9JT7:1:1103:24735:71821:N:0:1;size=2;	a4c5abb6f8cf3f8e1f96fcd812149a53baef88bd;Micromonas	95.208	313	15	0	1	313	1	313	4.92e-141	496
M02215:3:000000000-B9JT7:1:1103:2797:187401:N:0:1;size=2;	d92752cfdd8fd1a32b49db69adb3e1e7a3b4e8cc;Cyclotella	99.681	313	1	0	1	313	1	313	2.18e-164	573
M02215:3:000000000-B9JT7:1:1104:12864:115571:N:0:1;size=2;	a68693b3043b9d50a8c7e70db541da55c9a7d24d;Pseudocalanus	99.681	313	1	0	1	313	1	313	2.21e-164	573
M02215:3:000000000-B9JT7:1:1104:18221:138331:N:0:1;size=2;	882bcbeccf43f6ad24cd4dddc65e79df5feeaa78;Bathycoccus	97.353	340	9	0	1	340	1	340	4.71e-166	579
M02215:3:000000000-B9JT7:1:1104:22029:162721:N:0:1;size=2;	882bcbeccf43f6ad24cd4dddc65e79df5feeaa78;Bathycoccus	97.353	340	9	0	1	340	1	340	4.75e-166	579
M02215:3:000000000-B9JT7:1:1104:24253:44021:N:0:1;size=2;	31973166459e240fc4763b6724e6c06b73487666;Arrhinactia	100.000	313	0	0	1	313	1	313	4.62e-166	579
M02215:3:000000000-B9JT7:1:1104:24727:93961:N:0:1;size=2;	a64ab751b69ad1c2dc45814951dd0b3fce5c88aa;Micromonas	100.000	313	0	0	1	313	1	313	4.75e-166	579
M02215:3:000000000-B9JT7:1:1104:5226:171931:N:0:1;size=2;	882bcbeccf43f6ad24cd4dddc65e79df5feeaa78;Bathycoccus	98.225	338	6	0	1	338	3	340	6.07e-170	592
M02215:3:000000000-B9JT7:1:1105:12499:222651:N:0:1;size=2;	882bcbeccf43f6ad24cd4dddc65e79df5feeaa78;Bathycoccus	98.824	340	4	0	1	340	1	340	2.18e-174	606
M02215:3:000000000-B9JT7:1:1105:26719:99661:N:0:1;size=2;	43cdd9bcff01e80713af243417de400f0b175a07;Dictyocha	100.000	313	0	0	1	313	1	313	4.62e-166	579
M02215:3:000000000-B9JT7:1:1106:10350:165241:N:0:1;size=2;	69a16b54fda2d1a3865ffd17f8a1160cd50408b8;Mazzaella	87.261	314	36	3	1	312	1	312	8.64e-99	355
M02215:3:000000000-B9JT7:1:1106:13616:80011:N:0:1;size=2;	882bcbeccf43f6ad24cd4dddc65e79df5feeaa78;Bathycoccus	97.647	340	8	0	1	340	1	340	1.02e-167	584
M02215:3:000000000-B9JT7:1:1106:18370:266191:N:0:1;size=2;	d92752cfdd8fd1a32b49db69adb3e1e7a3b4e8cc;Cyclotella	99.681	313	1	0	1	313	1	313	2.21e-164	573
M02215:3:000000000-B9JT7:1:1106:2968:124511:N:0:1;size=2;	43cdd9bcff01e80713af243417de400f0b175a07;Dictyocha	100.000	313	0	0	1	313	1	313	4.71e-166	579
M02215:3:000000000-B9JT7:1:1107:10680:260531:N:0:1;size=4;	d92752cfdd8fd1a32b49db69adb3e1e7a3b4e8cc;Cyclotella	99.681	313	1	0	1	313	1	313	2.21e-164	573
M02215:3:000000000-B9JT7:1:1107:13208:190331:N:0:1;size=2;	882bcbeccf43f6ad24cd4dddc65e79df5feeaa78;Bathycoccus	97.353	340	9	0	1	340	1	340	4.75e-166	579
M02215:3:000000000-B9JT7:1:1107:14034:124891:N:0:1;size=2;	882bcbeccf43f6ad24cd4dddc65e79df5feeaa78;Bathycoccus	98.235	340	6	0	1	340	1	340	4.72e-171	595
M02215:3:000000000-B9JT7:1:1107:14320:190361:N:0:1;size=2;	882bcbeccf43f6ad24cd4dddc65e79df5feeaa78;Bathycoccus	97.941	340	7	0	1	340	1	340	2.20e-169	590
M02215:3:000000000-B9JT7:1:1107:16849:143511:N:0:1;size=2;	a64ab751b69ad1c2dc45814951dd0b3fce5c88aa;Micromonas	100.000	313	0	0	1	313	1	313	4.75e-166	579
M02215:3:000000000-B9JT7:1:1107:21515:211671:N:0:1;size=2;	882bcbeccf43f6ad24cd4dddc65e79df5feeaa78;Bathycoccus	97.353	340	9	0	1	340	1	340	4.75e-166	579
M02215:3:000000000-B9JT7:1:1107:24645:91881:N:0:1;size=2;	a64ab751b69ad1c2dc45814951dd0b3fce5c88aa;Micromonas	100.000	313	0	0	1	313	1	313	4.75e-166	579
M02215:3:000000000-B9JT7:1:1108:10850:30621:N:0:1;size=2;	882bcbeccf43f6ad24cd4dddc65e79df5feeaa78;Bathycoccus	98.235	340	6	0	1	340	1	340	4.62e-171	595
M02215:3:000000000-B9JT7:1:1108:12699:249621:N:0:1;size=2;	a64ab751b69ad1c2dc45814951dd0b3fce5c88aa;Micromonas	100.000	313	0	0	1	313	1	313	4.75e-166	579
M02215:3:000000000-B9JT7:1:1108:20197:109231:N:0:1;size=2;	43cdd9bcff01e80713af243417de400f0b175a07;Dictyocha	100.000	313	0	0	1	313	1	313	4.71e-166	579
M02215:3:000000000-B9JT7:1:1108:20807:236031:N:0:1;size=2;	a64ab751b69ad1c2dc45814951dd0b3fce5c88aa;Micromonas	100.000	313	0	0	1	313	1	313	4.48e-166	579
M02215:3:000000000-B9JT7:1:1108:25748:200491:N:0:1;size=2;	882bcbeccf43f6ad24cd4dddc65e79df5feeaa78;Bathycoccus	98.529	340	5	0	1	340	1	340	1.01e-172	601
M02215:3:000000000-B9JT7:1:1108:28468:150311:N:0:1;size=2;	d92752cfdd8fd1a32b49db69adb3e1e7a3b4e8cc;Cyclotella	99.361	313	2	0	1	313	1	313	9.88e-163	568
M02215:3:000000000-B9JT7:1:1108:29150:150111:N:0:1;size=2;	882bcbeccf43f6ad24cd4dddc65e79df5feeaa78;Bathycoccus	98.235	340	6	0	1	340	1	340	4.72e-171	595
M02215:3:000000000-B9JT7:1:1108:3893:113821:N:0:1;size=2;	a64ab751b69ad1c2dc45814951dd0b3fce5c88aa;Micromonas	100.000	313	0	0	1	313	1	313	4.75e-166	579
M02215:3:000000000-B9JT7:1:1109:10427:63831:N:0:1;size=2;	882bcbeccf43f6ad24cd4dddc65e79df5feeaa78;Bathycoccus	98.521	338	5	0	1	338	3	340	1.29e-171	597
M02215:3:000000000-B9JT7:1:1109:14539:184971:N:0:1;size=2;	882bcbeccf43f6ad24cd4dddc65e79df5feeaa78;Bathycoccus	98.512	336	5	0	1	336	1	336	1.70e-170	593
M02215:3:000000000-B9JT7:1:1109:21918:215831:N:0:1;size=2;	b1a34b52e9dbe50cc0e7728a1c7595dcf1351f25;Littorina	100.000	313	0	0	1	313	1	313	4.75e-166	579
M02215:3:000000000-B9JT7:1:1109:26853:109661:N:0:1;size=2;	882bcbeccf43f6ad24cd4dddc65e79df5feeaa78;Bathycoccus	98.193	332	5	1	1	332	1	331	4.75e-166	579
M02215:3:000000000-B9JT7:1:1110:14213:158671:N:0:1;size=2;	b1a34b52e9dbe50cc0e7728a1c7595dcf1351f25;Littorina	100.000	313	0	0	1	313	1	313	4.75e-166	579
M02215:3:000000000-B9JT7:1:1110:15553:269521:N:0:1;size=2;	882bcbeccf43f6ad24cd4dddc65e79df5feeaa78;Bathycoccus	97.647	340	8	0	1	340	1	340	1.02e-167	584
M02215:3:000000000-B9JT7:1:1110:27833:213441:N:0:1;size=2;	b1a34b52e9dbe50cc0e7728a1c7595dcf1351f25;Littorina	100.000	313	0	0	1	313	1	313	4.75e-166	579
M02215:3:000000000-B9JT7:1:1110:5671:168511:N:0:1;size=2;	882bcbeccf43f6ad24cd4dddc65e79df5feeaa78;Bathycoccus	98.795	332	3	1	1	332	1	331	2.20e-169	590
M02215:3:000000000-B9JT7:1:1111:26519:140191:N:0:1;size=2;	882bcbeccf43f6ad24cd4dddc65e79df5feeaa78;Bathycoccus	98.235	340	6	0	1	340	1	340	4.72e-171	595
M02215:3:000000000-B9JT7:1:1111:2752:113311:N:0:1;size=2;	69a16b54fda2d1a3865ffd17f8a1160cd50408b8;Mazzaella	87.419	310	31	7	1	306	1	306	4.06e-97	350
M02215:3:000000000-B9JT7:1:1113:11655:145211:N:0:1;size=2;	882bcbeccf43f6ad24cd4dddc65e79df5feeaa78;Bathycoccus	100.000	315	0	0	1	315	1	315	3.35e-167	582
M02215:3:000000000-B9JT7:1:1113:24441:210191:N:0:1;size=2;	b1a34b52e9dbe50cc0e7728a1c7595dcf1351f25;Littorina	100.000	313	0	0	1	313	1	313	4.75e-166	579
M02215:3:000000000-B9JT7:1:1113:28092:175501:N:0:1;size=2;	6f98e637735b187cd156c79b8f022a0bc63d5fc5;Micromonas	100.000	313	0	0	1	313	1	313	4.75e-166	579
M02215:3:000000000-B9JT7:1:1113:4769:149821:N:0:1;size=2;	d92752cfdd8fd1a32b49db69adb3e1e7a3b4e8cc;Cyclotella	99.681	313	1	0	1	313	1	313	2.16e-164	573
M02215:3:000000000-B9JT7:1:1113:7430:188001:N:0:1;size=2;	882bcbeccf43f6ad24cd4dddc65e79df5feeaa78;Bathycoccus	97.941	340	7	0	1	340	1	340	2.20e-169	590
M02215:3:000000000-B9JT7:1:1113:8495:48891:N:0:1;size=2;	6f98e637735b187cd156c79b8f022a0bc63d5fc5;Micromonas	100.000	313	0	0	1	313	1	313	4.62e-166	579
M02215:3:000000000-B9JT7:1:1114:11659:219491:N:0:1;size=2;	a68693b3043b9d50a8c7e70db541da55c9a7d24d;Pseudocalanus	99.681	313	1	0	1	313	1	313	2.21e-164	573
M02215:3:000000000-B9JT7:1:1114:12314:203151:N:0:1;size=2;	74bd536a982117e99a75e40240e0e3b1b1f81a5c;Triparma	100.000	313	0	0	1	313	1	313	4.62e-166	579
M02215:3:000000000-B9JT7:1:1114:2292:155331:N:0:1;size=2;	d92752cfdd8fd1a32b49db69adb3e1e7a3b4e8cc;Cyclotella	99.361	313	2	0	1	313	1	313	1.03e-162	568
M02215:3:000000000-B9JT7:1:1114:27148:206751:N:0:1;size=2;	d92752cfdd8fd1a32b49db69adb3e1e7a3b4e8cc;Cyclotella	99.361	313	2	0	1	313	1	313	1.03e-162	568
M02215:3:000000000-B9JT7:1:2101:2905:151911:N:0:1;size=2;	882bcbeccf43f6ad24cd4dddc65e79df5feeaa78;Bathycoccus	97.941	340	7	0	1	340	1	340	2.20e-169	590
M02215:3:000000000-B9JT7:1:2102:15513:267801:N:0:1;size=2;	882bcbeccf43f6ad24cd4dddc65e79df5feeaa78;Bathycoccus	98.235	340	6	0	1	340	1	340	4.72e-171	595
M02215:3:000000000-B9JT7:1:2102:20350:249061:N:0:1;size=2;	a64ab751b69ad1c2dc45814951dd0b3fce5c88aa;Micromonas	100.000	313	0	0	1	313	1	313	4.75e-166	579
M02215:3:000000000-B9JT7:1:2102:20758:127661:N:0:1;size=2;	43cdd9bcff01e80713af243417de400f0b175a07;Dictyocha	100.000	313	0	0	1	313	1	313	4.75e-166	579
M02215:3:000000000-B9JT7:1:2103:11440:47521:N:0:1;size=2;	d92752cfdd8fd1a32b49db69adb3e1e7a3b4e8cc;Cyclotella	99.681	313	1	0	1	313	1	313	2.21e-164	573
M02215:3:000000000-B9JT7:1:2103:16190:184341:N:0:1;size=2;	882bcbeccf43f6ad24cd4dddc65e79df5feeaa78;Bathycoccus	99.085	328	3	0	1	328	1	328	2.06e-169	590
M02215:3:000000000-B9JT7:1:2105:28206:200571:N:0:1;size=2;	882bcbeccf43f6ad24cd4dddc65e79df5feeaa78;Bathycoccus	98.810	336	4	0	1	336	1	336	3.61e-172	599
M02215:3:000000000-B9JT7:1:2107:10433:267201:N:0:1;size=2;	a64ab751b69ad1c2dc45814951dd0b3fce5c88aa;Micromonas	100.000	313	0	0	1	313	1	313	4.75e-166	579
M02215:3:000000000-B9JT7:1:2108:13221:21521:N:0:1;size=2;	69a16b54fda2d1a3865ffd17f8a1160cd50408b8;Mazzaella	87.580	314	35	3	1	312	1	312	1.87e-100	361
M02215:3:000000000-B9JT7:1:2108:8612:38271:N:0:1;size=2;	a64ab751b69ad1c2dc45814951dd0b3fce5c88aa;Micromonas	100.000	313	0	0	1	313	1	313	4.75e-166	579
M02215:3:000000000-B9JT7:1:2112:20719:164881:N:0:1;size=2;	b1a34b52e9dbe50cc0e7728a1c7595dcf1351f25;Littorina	100.000	313	0	0	1	313	1	313	4.75e-166	579
M02215:3:000000000-B9JT7:1:2112:7786:122151:N:0:1;size=2;	a64ab751b69ad1c2dc45814951dd0b3fce5c88aa;Micromonas	100.000	313	0	0	1	313	1	313	4.75e-166	579
M02215:3:000000000-B9JT7:1:2113:16540:34841:N:0:1;size=2;	882bcbeccf43f6ad24cd4dddc65e79df5feeaa78;Bathycoccus	98.193	332	5	1	1	332	1	331	4.75e-166	579
M02215:3:000000000-B9JT7:1:2113:20441:158121:N:0:1;size=2;	882bcbeccf43f6ad24cd4dddc65e79df5feeaa78;Bathycoccus	98.529	340	5	0	1	340	1	340	9.96e-173	601
